30 24
426 347
560 366
361 268
482 454
272 269
519 449
535 172
301 259
576 208
380 295
368 388
66 368
484 378
347 283
122 430
278 279
129 316
183 372
368 153
272 163
457 212
296 342
310 265
521 342
385 315
321 219
371 43
351 398
232 276
383 373
311 234
331 99
288 336
240 72
496 388
279 383
306 223
262 294
496 398
468 311
173 389
127 337
496 480
363 347
312 260
151 389
157 235
370 263
430 269
437 3
471 316
571 400
291 249
448 444
515 332
68 394
245 434
548 469
124 305
429 290
443 295
232 265
323 347
171 333
161 291
380 388
250 267
421 388
561 325
282 290
563 485
306 316
498 352
256 105
438 347
397 378
200 465
302 238
322 256
372 137
3 455
389 362
300 243
319 240
386 388
245 246
86 353
179 340
112 257
530 357
323 317
172 210
199 414
276 346
263 414
288 326
114 374
360 362
452 321
7 406
228 244
400 150
307 270
285 341
453 259
331 240
469 403
440 372
529 105
143 265
315 311
586 125
496 448
358 357
248 480
139 244
333 198
381 264
274 331
555 340
94 266
431 316
377 342
284 117
191 346
268 444
221 312
597 403
586 346
342 261
346 292
497 231
586 438
380 347
135 306
347 272
169 33
90 405
522 495
570 256
259 242
3 438
350 256
435 290
467 439
502 408
331 297
495 316
81 440
449 367
502 388
265 325
181 251
542 459
144 419
480 331
2 409
525 418
72 425
8 440
111 242
555 392
348 393
479 440
262 330
560 11
403 326
571 412
387 459
320 312
597 340
374 237
244 303
337 287
142 404
159 394
244 314
464 280
327 255
375 592
259 251
228 281
457 321
354 393
320 182
462 254
372 279
234 340
123 337
268 454
180 419
336 261
446 342
71 409
133 440
221 265
539 362
144 255
107 394
581 82
567 500
139 290
139 280
204 264
223 291
273 283
566 346
211 327
543 531
112 305
260 278
463 372
128 280
142 249
86 430
505 434
222 383
133 223
395 342
213 202
3 403
146 306
244 198
227 313
366 331
384 434
92 322
418 362
415 228
592 146
225 500
220 275
267 382
576 44
239 340
126 310
111 337
227 218
395 414
175 576
471 526
234 187
256 283
529 146
461 285
505 465
236 345
122 358
233 292
151 379
326 342
378 362
74 332
188 324
514 108
473 388
352 347
180 215
222 23
7 565
99 460
358 131
474 341
404 275
458 290
2 415
364 252
207 316
352 293
184 314
163 379
343 342
23 540
432 408
265 398
124 248
168 338
555 530
161 255
309 597
400 186
366 232
474 331
378 101
204 336
147 260
294 280
480 383
410 264
503 342
517 505
458 372
540 546
240 319
499 525
219 398
156 198
133 336
329 317
135 516
361 278
374 190
3 420
225 449
566 415
208 347
550 400
126 321
314 403
182 393
224 212
214 332
339 312
461 398
388 233
259 262
461 418
525 378
210 300
13 415
501 460
103 8
407 269
354 42
340 292
504 90
230 202
145 337
461 357
341 347
498 383
446 383
310 254
179 388
304 275
209 170
124 295
355 383
180 225
23 551
52 362
484 398
216 82
517 423
189 314
169 318
509 134
268 284
467 408
161 302
116 389
65 347
156 338
207 306
151 224
210 337
355 331
120 311
122 290
18 412
3 449
404 98
257 179
190 304
435 223
529 215
428 331
247 356
242 288
576 340
305 348
317 510
377 413
147 296
296 403
218 60
340 358
303 285
300 347
115 551
344 267
372 289
413 259
175 308
446 233
325 240
245 330
540 250
498 403
470 382
461 387
565 271
96 456
236 298
251 340
145 327
188 445
148 414
117 327
23 415
2 477
236 156
328 388
2 534
493 393
512 337
271 398
537 490
171 277
317 419
216 383
435 362
194 414
125 238
242 356
438 428
116 253
208 378
383 362
508 226
195 174
7 417
472 295
512 2
226 276
136 332
364 273
410 254
340 327
349 267
262 283
122 279
231 398
227 265
123 327
299 357
162 328
142 415
92 451
239 576
8 451
147 193
235 224
364 283
186 319
424 259
504 403
223 403
248 335
288 387
400 373
394 321
136 342
153 384
184 268
450 398
153 286
476 475
232 314
2 397
68 581
534 485
324 307
504 383
272 315
481 403
491 256
209 285
565 288
331 444
435 341
427 388
486 311
166 266
109 300
136 249
220 286
328 357
455 377
68 571
25 434
175 44
442 259
392 285
204 300
487 393
198 310
136 285
296 372
294 367
263 485
467 398
105 389
178 323
399 320
216 475
243 277
176 352
337 322
43 546
310 208
13 448
235 271
403 337
365 184
261 268
387 254
500 337
270 300
120 331
171 373
412 372
513 418
452 311
148 239
121 300
343 308
131 285
366 289
112 587
39 413
164 556
344 277
581 296
560 395
203 217
518 226
586 20
428 254
163 307
291 362
154 240
300 327
215 264
352 262
343 287
237 277
349 288
239 292
231 298
36 597
13 454
399 113
452 280
165 194
262 257
145 280
406 342
155 311
509 145
61 424
251 293
308 286
152 307
145 440
452 382
185 283
254 398
280 331
18 463
276 253
2 517
19 424
229 223
447 393
140 316
133 369
165 424
469 362
417 331
215 285
171 384
316 378
168 225
299 398
533 454
421 408
122 400
103 363
239 198
219 296
194 289
550 395
13 80
184 388
3 472
100 358
138 301
217 291
431 326
228 140
447 362
264 309
175 318
320 352
438 388
100 267
277 521
176 288
159 250
241 261
212 212
185 247
13 499
240 93
345 246
265 242
187 309
378 352
267 305
248 346
524 195
316 388
243 325
386 378
220 490
174 358
122 253
137 275
413 597
3 443
198 180
417 290
7 412
500 347
519 175
198 274
182 475
242 345
132 311
140 306
146 316
127 290
165 333
88 485
135 234
264 299
174 189
254 288
179 247
175 597
8 457
168 189
519 238
394 233
195 268
248 288
482 260
143 311
125 384
185 293
140 234
276 159
277 232
133 290
102 292
415 357
17 566
190 450
36 586
28 402
271 289
513 218
236 145
487 413
2 494
329 327
361 257
286 321
271 357
404 357
283 326
523 321
212 316
311 244
281 264
267 372
130 259
180 236
286 597
275 169
354 309
3 511
460 326
211 233
493 403
218 270
175 272
223 281
498 311
125 364
149 311
162 338
119 384
354 320
153 404
203 321
245 424
307 296
352 592
18 417
7 537
511 291
191 247
247 299
347 337
216 254
265 289
324 213
269 274
156 256
276 367
171 363
225 297
345 398
158 307
281 310
360 320
251 475
364 194
497 581
91 272
269 263
118 87
13 409
245 372
227 171
370 253
480 341
223 270
148 353
184 303
226 286
421 419
129 233
143 276
93 400
269 475
80 342
560 111
58 351
392 217
280 238
205 138
143 208
2 426
168 328
183 444
507 398
290 269
322 245
423 362
150 419
375 388
341 337
197 227
420 398
165 287
415 409
257 597
545 160
163 215
179 200
156 409
167 312
285 285
241 214
196 294
284 269
116 379
271 242
377 383
317 449
122 440
168 282
88 400
333 245
147 343
113 405
42 586
8 519
19 435
219 259
274 237
231 287
245 293
249 56
308 239
373 268
424 269
312 176
230 308
150 399
119 374
103 283
206 279
165 240
214 398
347 262
434 8
13 488
227 207
60 335
129 305
203 284
472 367
148 322
416 264
536 357
168 430
325 296
496 470
508 220
166 323
324 270
265 357
143 218
142 383
163 245
462 561
34 592
201 212
147 203
339 246
298 275
334 292
141 296
292 34
319 108
452 331
139 223
311 291
127 254
457 331
326 424
128 269
152 317
119 295
140 379
228 597
331 250
160 230
460 249
126 264
352 368
487 352
57 331
400 290
508 232
110 252
225 334
443 275
156 399
195 279
530 449
136 353
127 300
196 304
208 409
398 171
163 429
3 540
36 418
329 167
299 233
412 331
372 352
409 347
397 228
117 268
454 443
220 323
128 326
507 388
119 425
111 389
486 383
132 300
125 285
80 321
195 164
8 445
2 489
13 420
234 282
191 283
429 362
163 317
137 321
456 408
245 256
205 186
389 300
163 460
283 279
189 278
399 264
182 455
351 388
32 423
7 531
2 506
210 196
264 273
151 188
409 357
363 357
522 465
365 299
283 243
351 326
555 455
300 316
210 363
239 424
519 398
149 301
168 235
132 254
7 480
597 126
48 576
7 485
65 326
179 257
60 356
59 247
131 321
505 393
432 336
136 296
291 495
176 363
155 301
130 295
545 339
476 383
188 424
231 388
482 244
14 437
42 408
3 483
71 566
315 265
154 126
280 180
215 322
219 202
440 341
242 298
153 296
315 255
507 449
274 414
137 311
162 348
150 255
174 368
71 326
31 596
18 525
3 432
114 221
238 266
171 445
7 491
192 309
426 296
299 254
437 377
125 332
484 408
211 424
130 395
372 454
136 363
251 257
171 414
155 208
16 592
13 443
199 253
383 232
246 225
277 243
218 280
7 474
280 2
573 520
415 305
493 413
160 240
302 352
102 394
127 430
356 388
176 435
483 347
13 494
51 591
136 218
2 557
240 235
240 224
451 244
536 449
201 154
307 259
227 161
195 315
315 301
179 189
251 516
123 202
171 435
142 394
185 399
420 357
135 586
8 503
2 551
27 423
156 188
232 218
197 459
489 347
427 264
148 404
12 432
115 300
167 521
205 383
160 323
112 316
139 420
377 290
174 430
455 429
23 517
219 572
8 468
19 445
275 455
21 440
305 244
213 249
170 297
216 424
253 157
326 172
478 398
568 566
177 313
162 409
192 226
133 420
203 378
231 182
199 352
199 196
221 217
3 466
183 231
93 301
135 316
266 232
370 216
217 373
199 475
352 337
181 298
196 347
153 332
153 353
222 302
377 373
134 326
280 475
103 592
77 586
83 597
39 592
249 278
7 553
46 352
294 186
262 247
213 296
151 440
443 306
197 450
139 348
330 260
187 299
173 303
304 387
196 190
184 200
2 585
139 187
2 568
229 319
296 201
275 227
204 253
157 214
319 192
135 270
182 288
199 300
530 180
173 292
143 332
144 291
202 429
305 337
272 279
247 251
170 566
183 278
2 573
224 202
215 275
188 232
378 232
63 352
24 427
97 272
210 207
200 279
231 240
229 329
550 302
127 389
253 241
335 337
236 377
395 424
167 256
13 556
187 252
13 522
399 275
7 508
120 237
530 186
456 196
347 167
228 292
197 284
172 323
178 303
166 277
167 302
139 337
192 299
140 327
145 223
44 414
7 571
35 429
265 480
13 426
160 276
342 240
325 183
487 362
168 246
527 362
183 324
412 300
143 229
143 322
155 266
271 480
180 318
180 399
132 228
160 183
30 407
3 500
151 178
176 251
210 254
23 420
256 210
191 237
392 206
386 143
290 305
267 268
239 372
329 271
106 317
341 272
162 419
287 300
326 352
13 528
152 271
388 383
55 346
176 394
7 435
286 217
160 219
490 275
183 242
519 192
245 282
258 272
545 485
339 256
219 368
211 291
98 491
223 485
295 316
352 571
22 563
205 243
43 576
316 244
159 287
23 454
223 244
7 429
187 263
293 254
46 372
238 314
175 297
245 382
560 383
265 346
321 265
119 405
475 372
327 276
220 228
18 474
28 581
13 511
8 525
217 233
225 239
33 413
252 215
280 169
336 250
164 204
88 337
191 440
292 275
301 202
131 239
181 308
323 281
205 373
68 541
152 260
229 260
157 178
150 291
229 271
153 394
209 228
2 460
200 242
384 258
240 330
417 311
228 455
236 288
193 362
163 235
223 328
107 293
176 556
74 581
171 230
8 548
13 460
242 251
107 247
187 336
224 223
18 451
211 280
437 295
212 269
267 247
182 351
370 284
355 363
134 379
131 384
160 312
161 571
88 597
303 144
169 204
48 566
236 213
8 543
188 242
223 318
192 273
267 258
163 271
324 61
297 228
367 268
433 254
113 384
163 470
164 297
190 341
63 592
43 597
3 563
148 229
167 292
13 477
39 571
131 218
2 528
215 228
186 273
270 253
288 408
275 264
278 315
371 321
149 265
180 283
172 313
351 304
80 520
596 67
80 581
219 333
122 227
133 187
183 174
3 523
302 249
157 271
401 259
231 470
268 237
218 223
305 280
265 252
169 307
205 289
384 248
400 310
171 194
71 597
54 587
3 597
36 398
30 566
8 596
36 408
483 211
287 264
29 429
249 315
357 294
274 393
247 272
217 393
199 289
198 264
125 405
211 373
141 260
18 576
31 586
18 531
19 571
107 305
185 237
60 346
72 337
270 206
255 278
196 331
311 280
223 234
203 248
148 373
194 455
185 367
298 264
159 296
135 203
13 471
13 505
14 597
60 587
206 222
131 364
205 476
7 513
8 497
207 202
319 296
301 306
294 233
518 317
288 243
335 316
171 287
234 360
150 348
113 456
91 551
13 573
24 576
34 460
134 213
352 131
374 295
145 430
424 280
191 429
327 208
190 257
188 288
30 435
196 357
169 272
252 262
416 254
137 264
335 591
94 597
234 197
152 213
13 534
29 473
18 457
259 205
198 216
224 260
210 275
181 205
165 414
18 430
175 262
264 263
200 455
561 343
287 254
302 505
3 579
13 562
37 576
42 398
204 196
55 388
148 286
139 358
353 241
197 248
279 248
268 414
156 291
144 244
318 213
433 264
206 342
310 388
207 269
296 248
236 581
7 588
36 536
12 551
154 229
174 246
43 434
43 388
177 231
181 262
7 463
151 430
249 230
8 423
172 267
447 259
52 351
316 291
335 358
396 260
586 328
80 591
46 551
62 561
24 545
18 502
137 228
38 423
140 270
148 384
177 241
173 339
158 261
265 387
313 156
235 261
318 270
312 213
177 277
144 399
407 546
83 586
52 372
23 591
23 460
19 548
29 468
68 341
150 198
307 166
192 263
149 218
128 359
118 305
160 266
367 505
432 367
281 300
168 358
436 259
97 581
88 576
48 586
45 591
146 586
18 468
28 592
138 198
144 348
226 228
189 268
137 208
170 261
194 485
432 305
194 242
188 127
146 234
338 342
168 450
283 571
94 556
63 551
17 582
25 597
66 597
30 576
184 210
286 170
200 222
279 211
136 415
139 409
233 256
314 331
133 280
326 312
77 326
151 281
194 496
62 581
167 541
100 597
48 475
28 496
28 462
12 579
18 479
154 276
188 403
83 435
241 203
352 315
233 244
176 455
490 398
116 400
128 379
446 352
383 331
35 495
90 306
91 561
86 551
42 566
13 545
57 591
143 240
193 195
348 309
142 353
165 251
243 388
206 232
111 289
133 347
196 201
273 247
160 414
200 268
68 561
42 555
48 445
40 551
7 582
57 372
63 363
18 553
30 444
220 480
114 284
269 320
248 241
320 322
175 215
39 403
163 225
288 439
321 275
142 285
118 597
53 556
37 526
65 556
28 484
23 581
39 561
29 515
309 485
291 285
175 205
285 331
232 324
367 278
65 357
208 238
159 363
144 301
209 321
320 362
63 572
39 479
50 571
74 363
129 597
74 591
71 586
74 342
44 424
13 516
23 483
139 389
497 332
151 327
18 485
436 249
550 76
205 414
119 394
151 409
488 587
88 586
18 536
41 485
36 516
37 546
77 597
55 368
18 542
87 311
186 216
147 250
137 374
310 160
275 310
157 281
13 483
133 358
2 591
409 388
141 546
463 581
55 465
36 566
53 398
107 257
86 592
45 393
60 378
18 559
222 424
157 224
158 204
164 261
298 160
208 332
163 178
260 510
274 341
337 363
60 546
57 541
80 571
23 534
77 347
92 296
11 591
33 581
140 203
155 172
30 418
247 366
177 220
213 357
173 256
174 235
138 254
145 389
282 336
208 419
332 586
164 597
83 368
47 485
31 546
36 505
96 282
39 510
68 352
23 465
3 545
13 465
165 230
204 207
156 245
211 342
200 326
234 414
194 231
259 356
126 581
68 480
72 378
68 383
23 568
86 331
95 317
68 592
29 455
49 377
92 311
344 332
36 435
90 445
171 241
98 471
285 248
187 205
78 425
233 208
71 556
184 581
91 572
59 409
53 566
48 455
18 508
74 384
48 398
39 460
18 520
101 256
97 353
58 362
88 566
130 249
167 199
188 393
363 336
284 201
132 581
155 592
54 536
65 576
48 435
27 561
127 223
34 541
27 439
80 332
23 499
161 209
153 250
162 450
24 445
326 332
296 238
168 348
110 410
92 430
135 566
123 536
54 576
45 470
54 546
33 571
30 556
63 341
28 571
109 592
54 597
55 378
171 251
132 208
172 220
230 212
156 328
109 262
283 470
80 363
135 576
99 389
106 536
129 576
113 248
53 409
65 566
63 373
46 429
92 582
92 591
28 479
208 191
48 388
94 276
211 414
45 403
124 466
120 222
28 541
59 525
570 487
120 572
48 556
45 561
34 551
34 439
33 530
99 287
30 536
51 414
48 597
54 445
45 439
244 209
95 485
18 496
95 405
245 444
169 215
126 592
83 516
91 541
66 546
40 520
120 592
36 465
57 383
23 476
12 568
28 531
44 571
49 424
55 357
88 556
49 367
24 488
25 586
68 551
93 576
117 586
138 581
161 592
36 556
126 571
67 404
83 348
96 306
18 514
39 450
239 475
23 528
23 494
60 597
47 419
28 520
133 244
34 521
317 280
108 283
126 561
167 592
112 597
65 586
234 403
59 398
55 435
56 561
77 337
60 388
278 305
41 419
39 581
20 587
23 471
175 225
281 206
8 576
84 415
132 197
124 597
74 551
77 536
55 424
71 576
80 551
271 336
57 572
159 193
243 490
214 419
149 172
191 409
7 559
18 491
147 167
124 217
191 367
128 228
13 586
68 531
88 536
77 556
129 556
59 576
51 561
51 581
63 394
83 556
83 326
34 481
99 302
308 322
42 465
68 362
19 597
231 365
304 301
108 363
136 395
80 531
111 566
132 571
59 556
129 566
80 561
53 420
39 541
82 576
36 455
66 389
383 342
83 465
88 348
155 219
339 303
162 188
30 525
40 429
144 198
129 536
124 576
74 541
100 576
115 591
94 566
97 332
80 352
56 581
91 332
86 581
46 460
72 388
49 465
140 213
182 195
89 317
83 475
13 539
299 290
152 546
68 500
59 496
77 566
107 597
45 581
57 440
97 561
56 393
51 440
71 347
33 449
41 496
28 551
63 384
47 409
29 491
412 352
331 287
75 450
114 571
68 520
100 556
141 597
118 576
48 525
43 525
42 515
54 455
45 450
52 429
37 445
28 508
43 445
23 523
294 290
60 367
84 316
35 476
24 511
586 489
98 592
187 597
67 490
66 536
74 561
100 586
51 551
51 450
40 470
33 510
34 470
23 505
170 425
200 373
86 322
24 557
97 296
323 357
331 353
60 536
79 394
85 532
88 546
56 470
77 546
60 445
105 566
51 470
40 439
60 566
88 327
84 425
157 368
28 502
42 475
78 367
128 213
27 450
357 326
459 556
368 326
97 551
120 581
77 526
59 485
56 500
63 531
77 378
56 403
83 337
75 352
33 561
148 363
149 208
72 367
84 306
143 373
65 399
333 302
138 561
570 291
91 531
95 586
62 500
72 445
76 576
44 510
80 541
95 327
450 408
42 455
193 351
214 367
97 322
197 409
146 270
372 485
263 351
591 175
115 531
527 403
292 597
117 566
80 373
85 521
63 520
45 530
83 358
83 566
354 299
228 434
372 393
332 312
33 487
259 299
47 505
203 347
261 304
77 357
386 561
586 73
103 581
123 566
164 586
132 561
115 581
51 531
57 551
45 500
132 264
125 274
40 531
85 561
348 320
251 393
57 450
128 243
33 500
54 475
79 510
123 556
164 576
97 541
152 597
101 307
143 591
120 561
42 505
66 435
83 546
85 571
39 500
44 480
68 373
66 378
64 409
157 379
51 393
406 352
427 561
416 592
155 581
106 586
94 546
79 415
91 353
71 515
100 317
70 420
51 541
71 399
74 394
239 303
62 404
56 414
74 571
265 490
175 347
184 340
170 596
233 597
131 552
114 561
83 536
65 485
63 541
91 343
48 546
47 516
151 245
123 586
60 435
46 520
62 414
57 531
98 311
74 373
51 403
42 536
260 592
251 566
404 582
144 491
103 561
71 485
106 576
94 526
89 368
180 346
73 404
76 409
45 541
349 342
355 352
50 480
39 490
71 357
371 331
108 332
108 571
591 256
138 591
158 597
143 581
86 541
152 586
53 485
103 322
227 350
94 337
246 475
337 505
234 505
153 364
203 409
363 326
128 369
177 373
418 372
323 581
173 592
266 592
104 491
193 586
109 581
100 546
71 475
91 374
86 384
63 440
71 546
403 347
54 525
48 536
202 331
356 304
83 389
59 516
217 444
185 561
167 581
213 592
126 541
129 586
132 591
65 525
68 460
65 465
76 505
65 505
213 440
86 363
53 496
187 383
64 420
51 520
57 430
53 505
148 276
434 592
210 597
181 597
112 556
76 495
141 586
77 465
74 470
68 470
70 495
63 470
217 414
47 495
51 500
187 351
417 352
161 199
76 399
86 342
185 440
147 576
245 597
219 592
120 551
76 440
109 511
74 510
96 384
56 480
71 505
97 572
50 490
135 259
214 449
283 316
116 242
51 460
182 383
80 383
325 286
106 506
462 592
161 581
126 552
149 591
117 546
83 505
111 278
83 526
63 460
71 465
60 465
140 576
243 335
71 536
83 379
160 374
59 419
67 414
77 389
431 587
193 597
155 571
158 586
109 521
74 500
97 374
108 272
77 515
103 332
82 399
100 566
94 368
65 516
144 358
88 358
118 258
219 440
60 455
44 490
120 541
164 566
173 581
106 516
152 556
100 516
74 520
71 526
76 420
100 379
50 510
62 490
56 490
179 429
74 531
193 384
63 430
298 311
171 353
268 330
396 597
257 576
251 596
99 430
141 566
112 526
97 521
99 278
115 263
69 440
91 363
73 490
349 353
216 434
380 337
162 358
205 326
254 480
79 404
67 425
239 596
216 597
216 587
115 521
147 596
117 556
81 420
135 597
75 430
152 203
62 480
332 276
66 455
68 510
165 343
59 475
56 510
317 327
346 347
159 353
211 566
224 592
320 597
144 561
120 521
204 363
143 571
109 541
80 450
162 389
94 389
65 475
59 505
74 460
53 515
73 414
179 378
87 460
208 357
368 294
204 597
566 561
167 571
167 561
100 536
147 566
92 440
184 592
151 234
295 449
122 243
97 343
66 445
106 267
277 326
284 305
71 435
358 283
147 394
342 298
378 546
138 531
245 586
120 501
97 500
100 495
138 571
152 576
117 526
74 480
259 346
318 306
69 450
81 410
64 495
145 368
57 520
375 367
88 379
176 333
347 541
173 551
161 561
127 531
113 466
100 506
118 506
96 531
94 536
103 521
103 541
227 303
151 368
72 455
191 399
63 450
251 434
303 424
131 352
131 275
195 591
280 586
190 592
199 596
204 586
135 536
94 516
80 460
120 511
79 500
187 362
85 395
291 485
248 439
69 430
139 369
171 403
62 510
268 485
320 286
213 582
201 592
158 556
178 581
143 541
149 581
80 430
103 511
101 486
106 546
199 336
103 571
112 268
94 379
231 439
235 308
182 435
237 480
389 342
91 384
441 526
251 586
210 587
263 597
104 440
155 551
123 516
96 465
114 541
165 363
191 320
87 410
57 460
202 399
248 409
182 363
463 331
165 394
186 346
188 435
222 597
411 582
269 586
144 531
119 466
228 586
122 492
112 496
111 358
103 551
109 551
100 327
142 363
217 403
162 399
205 404
116 289
349 332
146 379
86 373
231 592
211 576
149 541
248 592
155 561
141 556
110 471
147 546
88 505
94 358
88 495
112 576
146 213
108 561
119 284
305 291
228 360
218 317
254 335
88 389
361 597
358 592
275 586
349 597
105 450
104 471
158 576
179 572
116 481
90 455
111 536
106 526
77 475
357 315
179 357
124 259
165 373
100 337
296 295
85 490
410 551
190 561
274 597
221 576
303 597
95 425
178 592
150 551
149 561
107 476
87 440
118 516
259 409
213 429
112 546
83 455
94 348
288 290
84 405
239 351
369 581
222 587
337 596
271 591
207 592
173 571
115 461
132 531
128 546
109 501
112 506
135 556
91 521
286 310
426 357
200 342
106 556
85 510
289 316
123 269
431 597
277 591
219 582
233 586
254 581
268 597
179 551
158 566
152 536
170 556
137 239
92 460
113 486
88 526
103 374
398 398
105 277
83 485
77 436
375 336
515 592
208 581
225 581
315 596
300 591
254 592
196 581
101 445
156 358
99 451
118 496
116 491
102 531
110 491
100 526
220 449
197 388
234 444
220 388
91 511
451 521
179 561
263 586
242 592
199 587
181 586
126 521
144 551
306 439
167 481
167 551
96 445
90 465
89 475
86 480
92 471
203 419
386 337
225 439
100 368
555 125
205 576
132 541
129 496
196 571
283 592
123 526
126 501
149 571
336 297
96 435
110 481
121 531
118 476
86 470
88 516
92 481
97 511
307 306
309 424
545 61
340 592
164 526
187 586
257 587
191 571
141 526
114 332
107 445
111 461
101 466
112 516
117 536
152 566
225 398
106 327
86 500
78 455
79 490
277 480
164 546
213 571
343 597
260 572
236 592
99 420
280 597
192 576
123 496
137 551
102 435
90 425
115 501
91 500
107 486
123 546
89 435
191 357
80 480
77 485
428 582
170 546
242 581
263 576
193 566
190 581
164 536
152 526
138 541
104 430
115 471
91 395
323 337
93 420
115 511
95 476
106 496
80 470
95 506
194 393
65 24
306 592
159 496
130 486
184 571
150 531
158 546
138 521
105 379
147 556
291 342
104 461
279 352
193 336
106 338
98 440
104 481
108 531
87 451
78 445
286 586
300 581
346 592
152 506
201 581
170 576
158 506
121 460
121 471
108 353
173 561
275 300
107 455
103 353
101 475
112 476
98 481
114 273
103 501
82 495
274 566
317 592
326 596
199 566
188 566
161 551
126 511
158 526
176 566
140 536
107 435
199 383
107 466
392 336
343 322
120 321
156 348
314 286
97 363
84 445
265 571
482 43
277 571
289 591
208 572
202 571
129 516
108 374
129 526
121 481
95 416
116 279
320 414
251 403
125 353
110 311
134 546
101 455
297 285
91 490
196 561
248 581
151 491
367 597
231 571
155 541
260 581
297 597
239 587
124 506
286 274
119 455
101 425
106 348
120 364
280 434
267 362
103 272
202 357
94 496
393 592
358 572
378 597
205 566
265 581
159 516
216 576
198 576
104 400
118 316
125 343
132 501
170 586
87 420
327 302
128 348
110 430
105 288
102 384
100 348
323 592
309 586
251 576
297 586
230 581
158 536
141 506
181 576
144 521
250 351
117 337
322 291
106 358
146 536
284 295
268 351
104 298
104 312
119 248
109 322
419 434
373 586
245 566
176 546
271 581
227 576
161 511
181 556
141 496
170 536
187 576
366 320
259 367
120 264
346 327
113 425
297 413
326 322
481 393
240 384
408 597
392 581
248 561
402 596
253 571
136 455
173 541
161 541
147 506
176 587
150 511
99 410
127 491
123 348
309 275
148 332
303 444
320 332
164 353
114 363
329 591
372 597
320 586
355 597
153 496
225 572
179 541
182 566
142 475
136 486
155 521
147 526
291 404
115 310
93 410
427 408
252 309
102 343
108 343
99 399
343 586
399 592
326 586
233 576
208 561
295 592
184 551
148 475
150 501
145 470
113 435
144 511
152 516
132 521
115 321
151 338
119 435
245 340
338 266
321 301
356 69
384 597
335 581
190 521
311 591
202 561
124 445
167 531
156 501
161 531
133 481
127 471
150 521
120 342
246 319
117 358
104 420
270 367
318 260
340 317
455 357
561 441
309 576
337 586
210 556
213 561
228 566
187 556
144 480
142 465
127 481
147 495
139 470
112 328
116 450
253 356
154 322
211 352
114 353
110 440
361 587
288 571
391 597
274 576
294 581
216 556
289 581
187 516
170 526
162 501
130 476
144 501
124 486
116 430
147 516
124 455
302 404
181 335
111 348
424 413
410 592
422 582
303 576
242 571
239 566
222 566
167 501
257 566
204 556
139 460
156 491
117 348
136 465
139 491
135 506
138 511
124 315
211 403
90 416
111 451
387 592
493 153
370 592
315 576
317 581
277 581
171 506
315 587
291 586
231 561
254 561
147 486
141 485
139 480
129 506
113 445
141 516
122 379
101 415
174 328
306 581
576 265
364 592
262 546
325 576
328 581
227 556
213 551
332 597
164 506
161 521
153 485
155 511
136 475
135 496
116 440
139 501
155 531
358 273
113 295
171 465
291 566
286 576
297 576
251 556
349 586
193 546
236 571
190 551
216 566
133 450
245 576
142 342
111 369
96 395
132 511
119 486
124 476
135 526
132 470
459 546
425 597
448 597
383 586
291 576
260 561
233 536
280 576
280 566
184 541
248 571
130 435
156 470
107 405
110 420
125 415
107 425
105 368
255 304
315 434
253 552
381 592
251 536
268 556
282 551
263 555
259 551
207 551
202 551
236 561
179 521
181 546
225 561
124 435
185 330
108 384
116 410
133 491
114 342
111 379
349 576
379 587
271 551
265 551
248 551
286 566
271 561
283 581
185 531
219 561
216 546
219 551
233 566
113 395
303 586
120 353
119 445
130 455
107 415
127 460
341 571
340 581
331 576
239 546
213 521
355 587
222 546
219 541
262 566
312 581
242 561
142 425
150 450
199 556
122 410
127 450
119 415
104 410
312 296
130 465
555 149
347 571
311 571
239 536
245 546
251 546
257 556
277 561
230 541
268 576
222 556
187 546
271 571
193 556
172 531
122 420
142 455
128 440
121 450
133 430
364 581
389 587
343 576
352 581
337 576
248 541
231 531
236 541
196 521
268 566
233 546
202 531
245 556
144 460
159 486
116 420
101 405
175 536
133 460
116 369
404 592
407 586
366 576
314 566
312 561
305 572
202 521
274 556
207 541
199 536
193 536
280 555
227 546
181 536
188 526
195 551
179 531
110 400
128 410
216 536
431 576
416 582
355 576
395 586
297 566
176 476
236 531
224 541
265 561
179 511
205 526
191 531
184 521
233 556
190 541
224 551
144 450
123 369
113 415
131 342
329 561
310 13
360 576
375 581
253 541
303 556
214 531
225 531
236 551
193 526
210 546
208 531
239 556
231 551
187 536
148 465
164 516
130 445
150 480
131 415
318 561
445 581
372 576
330 572
306 561
276 541
274 526
156 440
303 566
242 551
221 536
204 546
196 531
204 536
165 476
164 496
169 516
136 435
130 425
127 420
381 571
380 581
326 566
320 567
336 572
323 571
294 561
317 571
190 511
176 485
156 450
171 475
164 486
213 541
173 511
156 480
198 546
136 445
175 526
154 475
344 566
419 596
384 576
323 561
308 566
282 541
286 555
294 571
242 541
220 531
159 434
177 496
182 506
176 516
162 480
154 465
142 445
139 430
136 425
139 450
524 125
364 561
356 566
320 556
401 587
332 566
312 551
292 556
279 546
228 526
194 506
173 480
179 501
157 460
210 535
122 389
151 470
195 541
162 491
168 511
399 582
326 556
387 581
419 587
369 572
367 566
315 556
358 581
320 576
254 531
219 521
193 516
156 429
170 496
143 435
165 465
151 460
139 440
160 465
182 526
413 587
445 592
315 546
364 571
378 576
288 551
300 561
279 536
199 505
248 531
367 586
273 546
222 526
181 516
171 486
201 541
147 436
125 374
168 491
172 521
411 571
443 597
361 566
390 576
289 531
294 551
318 552
297 556
270 541
219 511
346 581
159 425
245 536
153 455
125 425
173 501
176 506
148 445
153 445
159 475
422 592
401 576
437 597
372 566
369 561
303 546
185 480
280 526
214 501
239 526
267 536
283 561
265 541
153 424
153 435
173 491
199 526
165 435
184 511
168 460
471 536
428 591
392 571
387 571
375 572
350 566
372 556
248 521
273 536
256 536
159 455
300 571
259 541
285 546
210 516
211 526
148 425
162 439
165 445
136 384
398 572
433 581
437 586
375 561
395 576
367 556
340 561
306 551
300 551
321 536
220 500
243 531
262 536
208 500
256 546
159 445
227 536
131 405
168 470
234 526
460 597
413 566
318 541
407 577
405 572
363 551
358 561
335 561
323 551
251 526
297 526
201 510
167 439
214 511
185 470
182 496
128 399
179 480
147 455
208 521
451 592
401 567
393 561
419 576
349 546
378 566
344 546
330 551
234 516
331 556
277 531
291 546
237 521
185 501
174 470
216 526
216 516
191 501
133 410
136 404
512 597
398 561
375 541
381 561
389 566
424 587
384 566
352 551
337 556
257 526
338 566
309 556
196 500
144 409
222 516
179 490
276 551
225 521
267 546
188 506
401 546
443 586
440 591
369 540
294 511
378 556
294 531
352 561
320 546
286 526
271 520
197 480
272 531
266 531
183 465
199 516
288 561
196 511
156 420
188 496
583 571
419 566
410 561
360 535
390 556
367 546
358 551
355 556
240 495
283 521
263 526
298 546
222 505
231 521
216 506
245 526
153 414
204 516
124 395
133 399
504 60
427 571
416 561
383 536
398 551
413 576
384 556
274 516
360 546
361 556
307 541
199 495
285 536
268 526
211 496
179 470
174 460
182 485
139 399
131 374
468 520
178 106
465 597
372 535
455 597
384 546
329 541
335 541
300 531
375 551
254 520
358 530
193 476
283 531
228 516
180 460
208 511
185 490
133 389
260 531
448 576
424 566
366 525
395 546
355 535
401 556
369 551
341 541
324 541
268 516
309 546
346 561
200 485
205 505
203 500
188 485
188 475
177 465
191 460
177 445
454 3
454 586
407 556
372 525
395 556
425 576
332 536
327 536
306 531
372 546
294 541
288 541
243 521
205 496
205 485
211 506
196 490
164 455
191 490
191 480
448 587
524 143
430 566
416 571
404 561
349 525
381 551
358 540
396 567
315 536
289 521
355 546
173 440
188 465
239 516
170 455
185 460
194 465
191 470
196 470
422 561
488 597
456 592
375 520
369 530
363 530
352 530
251 505
389 546
381 541
260 520
208 480
301 541
208 490
352 541
203 480
173 450
202 490
159 404
332 546
483 112
443 576
415 551
422 571
390 536
439 581
347 530
364 541
338 536
311 531
337 526
257 516
309 536
304 536
341 551
188 455
217 496
291 536
168 419
237 511
471 597
585 540
424 546
392 541
234 485
346 520
257 495
303 516
349 536
341 531
317 521
315 526
280 516
343 556
349 556
327 546
179 450
179 440
347 551
335 552
396 81
444 572
413 546
436 576
413 556
404 551
352 520
361 525
369 520
387 552
375 530
329 521
231 511
338 546
245 516
246 505
211 485
228 505
292 526
228 444
410 541
428 18
398 541
396 526
283 500
225 470
380 531
395 536
208 449
407 566
312 521
392 552
248 510
312 541
223 495
225 510
298 535
214 490
329 531
243 511
439 571
576 455
471 576
398 531
300 511
436 566
378 525
214 460
205 424
366 535
315 515
343 525
286 516
263 516
184 450
266 520
254 510
257 505
292 311
168 368
570 76
466 576
460 576
477 597
469 592
372 515
223 465
335 521
312 510
355 525
309 515
326 526
277 500
378 536
263 505
335 531
260 500
202 470
156 389
176 424
494 597
529 296
456 581
451 561
460 586
433 561
357 520
332 516
419 556
387 541
323 520
220 470
300 521
317 532
309 526
225 480
240 505
243 500
231 500
266 510
519 139
444 551
489 576
465 587
471 586
430 556
384 525
386 531
404 541
272 500
254 490
271 510
295 521
320 526
303 526
323 531
248 500
214 480
205 465
185 419
483 596
459 566
456 571
439 561
387 520
451 581
340 520
439 551
421 551
297 515
228 475
228 485
245 495
332 526
277 511
343 536
254 500
196 440
185 429
228 495
448 546
500 597
471 566
473 571
445 561
419 546
475 592
433 571
392 531
390 526
174 399
248 490
237 490
306 521
234 495
208 470
237 500
217 485
203 449
214 470
465 556
517 597
430 526
454 576
474 581
427 552
401 536
424 556
347 510
240 485
205 455
251 495
225 490
196 429
282 511
280 505
211 475
208 440
194 445
174 378
352 9
468 572
477 586
462 572
439 541
442 566
406 536
416 541
211 444
367 515
277 491
193 434
286 506
292 515
274 505
231 490
269 505
217 465
199 434
203 460
450 551
486 581
460 536
491 592
465 566
410 511
421 541
456 561
381 520
338 515
228 465
176 403
191 419
208 460
288 511
222 475
176 414
165 404
306 510
266 500
474 561
448 526
483 586
506 597
419 526
447 566
433 551
393 521
436 556
344 515
179 409
171 394
168 409
182 424
168 399
199 445
165 384
436 546
306 490
263 475
540 576
485 592
468 561
462 551
436 526
480 592
448 556
427 521
379 516
314 505
194 424
159 384
174 409
205 444
182 414
185 409
171 343
226 460
168 389
188 414
506 586
524 31
448 536
430 516
416 521
480 581
361 495
369 490
442 556
225 419
363 520
217 454
231 480
151 358
174 419
211 465
182 403
168 379
288 500
271 490
465 536
503 592
456 551
367 495
387 500
433 531
378 495
317 470
433 541
451 571
294 500
356 515
202 439
163 368
199 424
154 373
220 460
176 384
257 485
222 434
473 490
476 566
424 516
364 490
355 485
393 500
384 495
323 480
442 536
430 546
329 510
245 485
320 515
234 475
196 419
359 510
326 516
280 496
297 505
251 485
462 541
444 28
470 556
399 501
444 541
412 495
416 511
358 490
349 485
332 485
384 516
263 495
211 454
274 496
260 490
361 516
291 505
268 495
205 434
277 439
462 531
558 525
581 435
465 546
432 520
444 531
312 470
303 465
343 485
453 566
390 516
309 505
237 470
223 455
299 500
208 429
240 465
323 510
274 485
317 500
497 592
432 490
456 541
477 576
451 541
300 470
450 510
450 531
367 485
421 521
439 531
412 536
211 434
234 465
286 496
381 499
364 510
407 526
231 460
387 510
23 51
468 551
413 505
441 516
453 546
479 571
454 526
308 475
328 490
453 556
297 496
418 516
349 515
468 581
415 531
335 510
404 511
320 505
404 532
283 490
505 546
435 495
459 516
523 597
454 536
494 586
456 531
335 490
375 490
372 495
413 526
376 510
411 532
364 500
442 546
361 505
234 455
289 490
309 495
340 510
566 520
54 58
468 531
438 490
433 510
438 521
441 475
415 490
356 505
242 449
424 526
427 541
399 521
425 536
419 536
412 515
305 500
260 480
248 470
404 521
428 8
597 265
492 581
508 592
462 520
419 505
407 495
288 470
251 454
431 536
376 500
410 521
401 526
395 516
410 500
231 449
243 470
223 444
326 505
370 510
482 546
498 69
500 576
447 505
456 520
479 561
410 490
444 521
294 470
396 506
373 505
427 531
353 510
436 536
243 480
401 516
311 500
329 500
214 409
294 480
493 148
480 12
566 340
465 526
468 541
483 576
326 475
379 475
185 357
335 500
370 499
381 510
408 505
407 515
332 505
315 495
237 460
295 490
208 388
131 332
556 317
479 470
355 454
456 510
591 492
485 572
491 572
323 470
288 459
251 465
384 505
421 531
286 485
326 495
398 511
320 495
295 306
355 495
390 505
179 368
412 140
509 57
387 439
509 63
500 587
476 556
447 516
387 480
349 495
337 485
317 490
359 500
379 505
402 506
239 454
257 475
283 480
303 495
292 321
350 505
597 137
519 40
499 556
427 490
453 516
369 470
433 500
459 525
445 511
191 388
234 434
194 404
243 439
248 460
392 511
323 500
245 465
254 460
280 485
274 403
364 440
591 429
396 3
497 561
430 485
283 429
416 500
410 480
335 480
191 330
188 372
220 419
185 378
343 505
260 469
219 429
245 454
223 414
199 363
347 500
488 566
17 14
441 505
401 475
424 495
471 546
427 480
257 414
435 515
340 490
297 475
237 439
344 495
231 429
254 470
236 449
240 444
227 424
233 350
248 449
570 262
498 122
540 597
485 561
474 531
447 495
430 495
421 500
292 465
303 485
318 480
225 429
256 464
196 399
326 485
195 341
311 490
352 490
205 393
196 367
529 313
597 50
508 581
464 515
503 581
441 485
387 469
289 449
398 449
300 480
404 501
315 485
323 490
199 393
346 490
219 409
300 490
245 414
335 307
211 393
517 586
576 79
496 490
483 566
482 556
415 480
329 470
421 510
364 480
387 490
340 500
353 500
243 460
231 419
266 470
297 485
228 414
275 465
194 373
312 450
488 556
564 545
511 586
506 576
421 490
496 572
392 480
349 464
436 505
297 454
271 470
331 495
288 480
337 495
257 454
306 480
239 434
200 404
260 314
303 413
583 561
480 551
424 485
495 576
421 480
418 485
444 500
364 459
401 485
381 480
401 496
283 459
320 485
275 475
236 429
277 470
237 419
248 429
196 378
263 465
453 485
479 541
502 571
494 566
424 474
441 495
485 551
485 541
432 480
390 485
329 480
260 460
203 388
286 475
243 419
191 378
291 331
208 399
233 424
251 444
591 35
18 55
511 576
450 500
491 561
407 475
461 510
410 449
404 490
424 505
427 510
271 459
280 464
303 475
254 449
211 383
235 319
427 500
254 429
360 331
556 207
491 520
591 93
474 551
453 505
419 475
452 495
461 490
439 511
294 460
360 485
225 409
312 480
269 465
292 475
266 460
254 419
240 414
242 429
297 465
534 2
355 3
488 546
448 3
520 592
435 485
424 454
361 475
286 444
300 440
381 490
286 454
263 454
254 439
291 454
256 434
260 439
280 454
119 274
306 460
491 429
597 374
509 572
494 556
456 490
482 536
467 510
474 541
263 424
375 480
340 480
300 460
393 490
286 464
277 449
271 449
268 434
248 419
309 312
262 434
523 505
467 470
586 224
499 566
511 566
431 454
444 480
416 469
396 485
225 388
369 480
274 444
314 475
431 505
320 465
277 460
378 485
374 408
315 465
535 575
529 11
575 490
514 166
491 541
488 536
436 465
491 551
387 449
277 429
259 429
396 495
271 439
266 449
223 393
260 449
283 449
309 465
251 424
369 336
349 474
487 35
592 565
523 586
464 382
508 561
515 572
505 556
337 454
254 409
268 424
352 480
390 495
320 475
257 444
260 419
202 368
346 480
490 388
539 475
260 398
305 113
575 576
494 546
497 541
464 505
586 478
545 597
381 469
329 459
245 404
286 434
292 444
399 490
384 485
303 455
311 460
219 357
340 469
159 333
263 444
592 576
584 551
488 526
578 541
421 449
519 57
497 531
479 520
392 469
240 403
306 470
297 444
439 500
257 424
205 352
214 388
234 393
306 327
340 459
237 409
581 93
144 18
502 551
447 434
371 75
514 581
447 485
398 469
266 419
237 398
214 378
231 409
251 414
228 403
311 317
265 439
228 372
407 485
208 367
265 409
421 429
555 420
591 222
555 78
536 470
520 581
459 495
479 510
378 464
373 475
300 449
224 344
279 444
243 408
271 429
274 434
266 429
324 439
332 465
358 480
514 160
576 328
586 444
597 351
555 540
505 566
511 556
496 551
376 470
390 475
283 439
223 372
271 419
228 393
326 454
237 325
311 327
311 347
275 320
367 475
560 64
514 37
585 597
420 60
482 48
571 561
499 536
404 470
361 464
355 475
249 304
219 378
411 310
293 300
421 469
317 460
332 475
446 372
429 383
412 485
499 151
576 143
524 49
516 455
529 546
503 561
470 505
289 429
372 465
228 382
243 398
219 343
404 480
248 398
392 398
358 469
256 361
225 378
317 337
217 362
440 43
464 434
534 8
467 69
592 279
455 480
451 188
413 475
277 419
418 495
398 480
216 352
323 459
476 536
245 393
338 464
306 449
352 469
159 343
263 403
571 134
462 449
591 251
511 525
396 24
476 505
476 515
392 449
431 464
283 419
346 469
395 475
346 460
364 469
344 474
384 474
557 566
335 470
285 413
447 423
517 576
586 84
586 495
550 64
473 500
494 536
401 454
476 546
234 382
222 349
343 464
274 424
297 434
320 454
286 424
315 455
230 345
309 301
295 419
228 340
13 46
303 97
491 531
591 239
535 597
467 490
361 444
433 470
214 347
224 355
338 475
326 465
292 434
236 388
239 393
231 377
268 403
367 464
335 459
485 511
560 23
24 98
528 587
542 429
482 526
453 475
537 591
419 454
450 490
291 424
280 424
308 455
223 362
335 271
294 439
215 312
322 378
332 454
233 371
216 338
517 546
591 497
586 61
526 591
476 495
574 597
550 169
361 454
415 459
343 454
217 328
257 403
297 424
225 367
455 500
271 409
294 429
345 303
256 340
236 366
537 541
446 8
508 16
502 541
517 566
488 505
529 597
427 459
470 495
355 464
459 505
395 464
430 475
340 449
230 355
288 419
241 309
312 429
526 581
509 180
597 357
401 129
586 213
597 207
471 36
439 460
413 454
485 531
390 454
444 490
326 434
358 459
352 459
407 464
323 449
291 414
461 500
307 383
267 315
239 361
571 430
531 418
205 3
560 561
561 435
576 484
473 511
422 459
303 434
401 464
392 459
438 480
349 454
280 413
306 429
251 382
283 408
378 454
316 357
250 361
597 533
586 108
571 360
461 54
548 429
596 539
464 495
358 449
410 460
404 459
320 444
309 434
346 449
410 470
309 444
389 464
314 444
276 398
285 403
340 282
543 541
419 167
597 561
566 3
556 213
431 13
459 475
375 460
325 444
299 419
418 464
334 449
384 464
328 449
384 424
436 475
318 439
300 429
262 393
352 439
534 316
570 71
565 253
548 439
591 76
565 120
380 439
367 454
381 459
312 439
369 459
571 227
276 408
242 377
323 429
236 355
523 566
355 444
338 277
339 388
519 151
519 274
539 313
571 447
411 77
573 510
357 418
482 515
470 516
412 464
424 464
317 429
256 393
244 361
320 434
352 449
253 299
279 404
253 377
408 305
371 64
392 439
586 484
365 74
581 452
581 279
597 478
381 449
248 377
427 469
226 323
254 388
375 449
398 459
370 449
343 444
276 336
389 403
499 546
180 329
564 505
576 323
597 363
571 475
535 160
349 423
282 357
396 454
364 449
337 444
384 454
349 444
407 434
352 428
251 372
231 335
305 419
261 383
473 520
308 403
569 546
525 166
567 551
240 83
499 92
439 470
468 500
479 531
413 444
416 449
329 439
248 387
377 332
237 335
421 440
328 292
459 485
330 307
369 439
288 398
566 166
514 178
525 398
390 13
542 418
390 444
407 444
338 434
311 419
320 424
294 408
244 351
222 338
282 398
256 371
476 526
253 366
401 444
366 341
308 413
561 551
563 576
597 380
529 301
293 388
338 424
363 429
347 439
315 424
329 429
253 346
404 449
241 367
279 393
255 383
355 434
260 388
447 475
387 429
234 330
425 63
514 286
462 107
519 99
299 377
282 346
425 444
378 444
335 440
268 393
332 434
392 429
306 408
358 440
262 372
340 418
285 392
352 358
550 29
372 444
561 99
570 41
549 5
318 8
539 34
433 439
450 470
442 454
360 434
398 439
349 434
343 434
453 465
293 398
300 408
276 387
341 429
153 344
395 434
407 454
563 566
462 170
597 85
314 373
533 423
404 439
285 362
450 480
332 424
431 444
367 444
331 413
335 429
444 470
427 449
271 388
413 434
282 388
341 439
581 256
591 503
520 551
530 198
488 46
401 434
328 398
290 372
436 454
347 429
389 434
346 418
375 439
384 444
322 408
257 351
323 419
311 408
271 346
273 382
200 315
399 18
550 273
522 444
571 128
543 480
328 408
415 439
316 398
448 465
343 424
328 419
442 465
351 418
270 377
372 434
311 398
398 429
290 295
346 314
194 325
580 566
581 169
39 66
597 282
581 274
363 408
348 413
433 460
313 383
366 424
259 377
378 434
334 419
291 393
366 434
279 372
269 310
550 244
378 424
287 377
518 5
245 3
478 2
551 597
555 3
410 439
369 429
419 444
355 423
395 444
313 393
336 413
357 429
314 414
296 392
276 377
264 377
248 325
381 429
273 371
558 535
560 47
44 57
572 551
427 439
325 403
360 423
302 383
325 414
299 388
302 393
296 382
305 398
322 398
294 357
470 444
523 576
342 413
201 305
282 377
555 108
597 409
596 556
572 572
543 592
494 525
288 367
334 408
317 408
560 16
487 230
293 377
264 367
273 362
329 281
372 424
385 305
357 408
299 367
349 383
560 123
597 108
531 580
532 592
485 521
424 434
308 393
339 408
291 382
285 352
261 362
284 382
276 357
279 295
259 335
485 500
427 429
351 408
288 357
476 465
539 28
44 98
555 84
560 250
201 39
479 500
305 378
284 372
282 367
273 351
279 362
366 413
523 546
257 320
265 335
271 326
262 341
435 403
488 516
495 337
464 475
430 66
586 190
550 279
18 77
556 201
319 403
550 434
493 90
23 34
311 378
394 310
327 266
404 429
333 388
288 347
335 282
517 556
273 294
308 373
555 67
456 470
401 55
560 169
581 11
524 37
545 213
362 79
586 455
511 546
467 480
363 418
247 309
255 315
302 372
482 495
596 397
252 320
473 449
375 429
446 80
540 81
576 437
581 497
555 43
509 104
513 306
497 520
429 37
494 515
315 275
251 330
448 336
508 551
363 315
312 270
260 325
430 434
407 403
419 413
491 510
591 82
592 418
519 378
544 20
488 213
566 172
514 561
436 444
520 571
28 48
272 304
319 393
555 592
258 309
586 114
476 485
444 460
302 342
501 480
390 424
566 97
433 449
586 426
540 192
540 566
514 551
505 525
464 485
331 403
369 418
257 330
305 368
508 531
339 398
280 341
505 536
366 362
296 362
338 332
525 459
591 140
581 17
533 586
539 424
18 43
439 449
459 465
482 505
291 352
334 398
254 325
528 576
462 470
494 505
337 403
296 352
401 404
366 393
409 378
453 454
586 67
479 490
533 465
565 155
345 408
540 586
410 429
355 413
360 413
461 480
557 597
319 383
353 403
357 398
398 418
325 363
302 362
334 378
317 347
499 505
565 125
581 221
597 61
439 439
508 541
375 418
319 373
401 424
360 403
343 403
263 320
322 388
308 362
471 464
331 383
566 472
294 336
331 373
386 398
18 89
346 94
459 455
566 85
581 423
456 460
416 429
407 424
497 510
372 413
450 460
412 424
308 352
520 561
297 332
268 341
311 357
314 352
363 378
362 388
449 439
347 73
387 418
440 8
514 541
531 571
487 495
563 597
471 475
447 454
526 571
325 393
348 403
368 408
418 424
432 398
355 288
314 362
280 320
311 368
581 117
478 127
393 18
560 464
551 586
436 434
478 480
481 485
470 485
424 424
442 444
444 439
380 419
325 373
491 500
267 294
369 398
332 342
212 306
444 388
597 102
597 253
576 443
550 418
497 10
523 555
337 393
328 378
471 454
549 592
472 479
331 393
482 475
294 347
317 368
372 403
204 310
355 342
530 439
505 505
591 245
556 242
363 398
462 460
571 592
549 581
490 490
468 460
445 449
404 419
366 403
493 136
427 418
328 367
473 470
343 383
317 317
455 439
324 259
502 520
545 413
456 449
514 78
474 460
451 449
432 429
465 465
325 383
305 357
383 414
484 480
430 423
416 418
392 419
511 515
342 393
537 561
384 403
551 576
580 586
508 510
509 40
576 449
441 433
536 418
323 368
493 485
410 419
487 485
337 383
548 572
581 464
389 413
401 413
398 409
224 307
500 515
209 311
398 347
357 336
581 233
561 198
537 572
528 566
537 581
508 23
467 449
560 592
464 455
496 500
407 413
433 418
345 388
379 408
514 531
412 413
484 490
507 306
369 357
278 269
568 597
565 20
591 105
461 439
525 551
459 444
444 428
377 33
441 423
464 444
377 393
383 393
439 418
331 362
526 561
360 373
375 378
334 368
357 378
332 266
586 2
566 592
539 413
477 196
575 32
546 586
529 87
452 434
375 398
385 408
340 378
378 403
435 423
337 373
299 300
487 475
292 2
485 459
197 320
233 303
517 525
586 432
528 331
473 90
545 207
360 393
450 428
476 454
392 408
436 413
576 190
431 239
503 25
458 434
406 393
546 576
256 294
335 327
491 470
412 403
493 199
535 90
586 32
490 480
8 72
404 408
543 581
380 398
503 531
560 371
493 495
509 69
568 586
531 551
555 581
499 485
349 363
369 378
488 454
404 388
586 586
565 571
586 137
577 592
529 556
532 561
395 403
499 495
409 408
530 81
430 413
586 420
369 368
308 342
389 393
343 373
479 449
447 413
320 342
441 413
426 24
571 436
504 373
566 449
289 8
571 140
508 520
505 515
485 470
581 111
2 16
444 418
509 197
400 393
544 293
297 321
303 321
478 378
461 429
412 393
561 239
425 69
517 515
535 566
535 556
554 439
579 508
488 110
557 586
403 398
543 572
453 424
352 378
372 383
329 347
360 383
392 388
383 352
555 571
444 408
499 116
529 40
488 156
591 64
517 536
479 459
523 525
493 475
482 465
423 403
488 465
418 393
502 500
415 398
418 403
409 398
303 332
520 500
487 403
503 510
539 308
439 36
597 590
566 189
59 99
580 597
591 597
571 581
563 586
476 444
493 465
511 536
597 584
346 378
560 581
511 505
357 367
337 352
487 444
312 306
565 259
586 90
534 73
369 168
569 576
429 403
514 510
412 383
395 393
366 383
534 546
516 383
398 388
545 49
520 520
375 347
340 368
405 310
383 383
380 367
2 87
487 16
566 438
586 201
518 16
550 35
597 596
574 586
581 88
366 373
588 592
515 520
451 147
546 566
346 358
537 551
332 322
308 332
447 403
440 362
523 515
543 551
576 288
341 83
359 84
583 581
550 111
566 581
555 160
543 561
426 398
314 342
526 541
583 592
392 378
520 541
349 373
363 367
455 398
444 367
546 556
575 259
504 48
577 581
228 13
389 54
591 587
560 571
505 495
346 368
303 311
300 337
335 347
513 470
348 298
491 460
590 571
355 373
423 352
535 516
526 520
566 49
505 485
528 536
557 576
551 566
508 490
520 530
531 541
459 423
450 418
311 337
329 337
314 322
343 363
470 434
323 327
417 383
470 424
398 357
581 175
502 3
566 143
529 525
523 536
372 373
528 516
540 556
496 460
499 465
343 353
401 383
568 556
502 490
294 326
476 434
486 332
475 403
307 8
289 280
578 571
596 55
555 427
540 52
580 576
493 454
485 449
407 383
415 388
508 500
403 378
467 429
438 408
473 429
453 413
417 321
389 373
525 470
360 342
552 536
570 17
586 576
551 314
597 15
561 187
507 480
482 444
549 561
473 440
395 372
44 75
468 87
581 268
535 525
358 347
372 362
441 403
452 393
395 362
443 336
571 441
566 224
581 429
499 476
556 551
456 418
424 393
395 383
566 137
380 378
491 449
440 123
352 273
361 352
477 161
550 52
406 362
571 239
276 289
216 301
577 561
581 181
3 69
326 2
202 18
570 23
549 551
464 424
18 124
581 99
558 545
534 536
366 352
597 573
380 357
386 367
332 332
406 372
259 288
208 295
65 13
488 162
597 523
383 44
597 386
493 142
576 432
597 161
571 82
552 556
541 536
537 530
373 80
558 555
438 398
415 377
519 460
426 367
513 398
525 490
59 107
514 48
597 545
532 531
526 531
597 568
555 561
532 520
589 581
419 13
476 424
287 34
537 520
531 510
392 367
461 377
482 434
504 444
470 413
452 372
545 282
516 495
596 44
23 23
23 69
401 34
570 35
550 262
586 566
520 510
530 192
511 485
511 495
519 490
484 387
522 485
465 336
479 388
546 505
508 439
563 556
586 556
526 510
574 556
597 579
444 34
565 299
502 470
375 357
505 475
513 490
459 413
552 546
529 505
443 377
508 470
409 367
517 475
472 377
444 398
487 219
504 101
546 536
574 566
511 465
485 439
493 444
567 540
514 500
535 505
496 439
429 393
395 352
537 510
540 485
423 383
300 280
415 367
542 387
490 419
576 20
555 49
523 304
498 301
526 500
597 550
511 475
546 546
397 368
435 393
386 357
392 357
420 377
462 408
400 362
218 306
520 470
458 392
464 403
524 449
580 556
499 104
565 149
550 192
540 525
467 418
491 439
563 535
365 43
513 480
540 515
519 480
501 449
471 42
530 480
516 434
426 326
386 347
528 352
403 315
379 91
546 525
591 560
498 134
18 25
591 204
591 554
7 31
473 418
389 352
403 367
369 347
435 382
450 387
412 362
507 460
455 347
392 347
455 388
500 326
371 54
560 216
499 444
550 23
561 540
479 429
482 424
578 552
516 485
464 413
516 465
504 455
372 341
514 460
528 475
552 525
426 378
463 342
279 284
560 520
482 221
412 176
278 39
543 510
575 546
561 530
543 520
549 541
499 455
432 388
532 500
440 382
484 429
571 99
423 372
569 525
543 500
540 505
457 341
563 525
596 79
565 219
560 256
528 495
29 118
367 80
586 545
459 403
453 403
441 393
567 530
528 485
428 372
478 418
591 543
580 536
499 434
360 13
536 480
519 408
477 179
514 131
54 103
436 86
519 63
488 434
404 161
502 439
344 13
597 506
523 475
524 480
540 290
572 540
592 548
493 424
533 372
576 409
467 377
525 408
483 72
514 183
488 86
596 528
569 535
529 69
591 537
493 26
380 59
534 20
68 19
434 372
449 377
476 8
538 500
497 342
581 70
501 398
566 490
519 439
439 31
514 113
570 117
18 20
551 319
556 311
493 60
597 512
260 8
510 455
476 413
546 515
391 316
592 509
575 536
596 517
490 408
396 316
529 75
511 434
23 63
431 3
499 99
597 500
576 242
449 24
591 520
493 434
510 444
531 490
575 525
529 58
566 305
432 378
484 419
539 454
586 506
502 418
569 495
420 336
535 84
586 512
591 515
483 124
482 54
550 58
534 495
473 408
420 367
513 439
570 515
586 518
528 464
451 342
400 351
499 413
564 515
516 393
301 270
202 294
549 500
576 84
567 510
488 424
580 546
482 170
586 528
591 532
287 23
472 398
464 392
476 393
591 526
513 408
504 423
549 510
400 342
530 367
376 299
469 372
579 520
575 495
395 34
572 530
549 530
548 520
596 484
586 534
597 73
438 367
540 495
467 387
522 434
591 487
575 504
507 418
275 274
468 341
586 449
496 408
571 123
531 470
561 510
597 450
591 46
586 523
569 505
555 520
555 510
552 515
586 500
575 515
578 531
499 423
510 403
571 395
505 413
536 459
240 282
544 454
561 500
470 393
572 500
535 476
580 525
596 495
543 490
545 495
479 408
496 419
560 157
581 514
513 449
511 413
519 428
531 459
471 336
508 408
555 500
349 278
387 8
383 64
552 505
481 413
496 429
458 382
558 515
597 490
513 428
2 46
508 428
548 490
597 472
563 495
434 331
566 455
525 429
191 294
423 331
565 264
591 88
581 446
509 163
527 454
516 444
581 210
510 423
502 429
591 70
566 479
561 469
571 481
548 480
522 424
437 336
499 393
536 439
290 259
545 464
576 478
482 25
28 60
597 432
576 15
522 454
558 505
576 253
597 20
557 495
597 461
516 413
581 469
542 449
550 454
551 485
516 403
591 481
557 485
544 444
480 352
513 8
566 248
509 128
555 38
529 5
571 245
519 128
539 465
551 495
519 418
524 439
554 480
533 443
527 434
420 326
389 332
355 278
596 438
592 469
489 337
362 69
581 487
555 270
581 313
504 84
580 492
581 503
597 32
555 467
555 460
551 475
559 480
551 464
597 467
581 481
560 222
477 336
509 92
438 357
495 378
418 43
28 19
596 427
525 160
571 464
586 79
554 490
527 444
560 490
542 470
333 46
545 475
597 455
561 475
591 447
591 452
333 256
434 321
464 352
466 347
384 13
498 202
42 3
545 55
566 467
281 65
556 473
561 233
566 207
547 459
493 72
596 444
540 41
445 40
477 63
591 435
528 393
426 337
566 461
533 393
431 95
18 72
596 91
425 13
571 469
576 108
576 172
597 114
524 131
596 248
510 393
586 472
591 475
596 392
2 57
460 367
432 357
469 352
414 326
556 433
510 383
13 98
34 69
386 59
529 99
283 8
591 441
419 66
597 421
203 76
591 23
565 44
365 64
398 134
514 66
531 429
377 321
408 326
415 336
486 321
560 452
477 173
576 236
514 172
311 102
487 242
478 104
396 13
586 219
441 146
597 415
479 368
368 316
371 299
592 464
363 294
388 310
472 357
423 321
492 342
498 28
571 163
529 17
586 242
3 104
477 213
566 195
576 247
8 48
454 336
446 332
492 332
550 47
513 388
359 310
533 434
429 342
414 316
295 270
391 305
547 449
561 458
571 452
416 29
576 73
525 172
241 51
514 54
415 347
352 283
591 458
554 449
374 326
581 475
408 316
489 378
501 357
492 352
437 316
512 347
488 184
560 447
576 461
425 2
581 441
461 43
522 413
380 305
481 372
360 299
591 424
475 362
365 310
371 310
362 305
386 326
489 357
467 357
400 331
537 408
566 432
528 413
571 458
581 458
492 383
539 383
576 467
521 403
586 467
360 289
550 444
420 347
555 294
382 300
493 373
512 327
449 347
597 195
510 352
475 352
498 52
545 424
556 444
542 439
596 120
576 472
571 93
586 461
531 408
499 373
544 434
528 423
411 321
405 321
383 320
513 368
280 274
545 393
313 239
581 377
566 131
59 60
519 387
566 444
539 444
571 251
501 378
466 367
368 304
487 372
539 434
481 362
444 347
391 326
443 357
452 351
484 356
460 347
304 265
545 382
432 347
423 342
521 373
513 378
484 367
536 429
397 336
510 373
507 378
464 362
406 331
449 357
374 316
412 342
533 403
296 260
586 409
251 283
504 352
423 310
565 114
561 192
489 367
458 362
522 393
435 352
380 326
374 305
478 357
429 352
397 326
452 362
551 412
495 357
591 58
495 347
412 269
555 397
542 398
313 249
414 23
571 233
455 367
383 310
495 367
377 310
380 315
507 368
395 331
501 368
417 342
507 357
471 346
458 352
440 332
443 316
524 368
519 134
351 37
566 403
571 111
561 93
592 395
440 352
524 388
498 362
551 424
492 362
388 320
561 429
539 403
586 392
527 372
477 346
523 347
460 336
561 412
519 357
556 403
550 343
477 17
2 127
571 424
516 372
504 362
409 337
534 413
576 426
545 403
516 362
523 383
592 400
536 398
576 420
566 421
555 119
519 368
400 300
523 336
492 321
581 47
262 2
592 412
597 149
543 408
366 53
592 406
560 424
193 3
571 175
531 398
510 362
586 415
586 404
555 409
597 334
392 295
448 326
521 362
351 246
581 216
576 61
571 169
597 368
561 227
581 64
45 7
576 91
592 389
356 37
539 393
586 398
561 418
581 418
446 321
509 321
539 23
266 279
549 377
529 324
581 58
23 80
576 114
566 201
539 5
170 2
596 167
514 60
94 2
528 383
350 79
556 415
561 400
596 132
531 378
597 96
428 321
536 388
398 295
489 326
266 69
586 248
467 13
591 377
571 418
596 155
566 427
586 49
576 96
586 386
592 383
440 321
292 264
597 190
503 321
529 347
355 268
425 316
544 356
522 352
187 3
503 14
570 29
555 96
571 204
561 140
560 145
443 3
566 178
486 342
576 224
534 383
576 386
455 316
581 400
353 74
536 367
566 397
179 293
449 316
576 67
482 31
440 18
534 32
571 210
571 215
571 221
566 230
345 68
560 210
581 406
483 336
506 347
231 18
536 378
347 251
307 39
381 253
308 249
304 254
330 19
338 88
279 59
566 184
38 77
566 236
423 18
581 245
28 31
468 331
571 389
454 326
576 392
403 305
336 19
392 49
539 371
247 262
408 296
328 245
596 143
576 213
581 76
513 25
576 219
592 366
571 406
576 403
591 372
437 326
397 305
516 352
515 342
550 406
469 321
581 366
586 363
586 120
325 250
386 295
586 55
534 67
581 412
581 239
560 76
591 40
2 115
333 35
586 380
524 357
591 163
586 96
571 377
560 35
370 85
596 345
23 11
342 251
528 336
255 267
447 103
597 299
586 369
581 389
581 395
513 357
530 388
576 397
591 360
597 172
576 415
560 377
549 389
471 326
586 166
344 256
571 343
278 258
483 316
539 347
368 69
427 30
591 123
566 409
581 383
565 26
212 50
555 380
576 375
581 128
527 342
565 392
571 87
353 252
576 369
319 250
576 363
586 172
542 367
517 347
60 44
597 310
471 31
597 178
591 169
591 128
591 134
509 342
561 406
566 213
450 36
571 383
542 377
565 380
514 322
586 149
586 155
591 337
204 274
566 351
111 2
581 35
581 372
591 158
560 389
560 128
591 152
576 380
425 51
164 33
597 201
592 355
597 219
596 328
586 184
23 104
519 326
305 233
395 279
393 274
338 125
411 51
576 103
591 52
586 375
591 99
523 8
502 8
586 143
586 357
497 321
369 273
463 320
565 38
495 327
417 300
474 321
284 259
410 274
422 254
13 69
561 204
540 76
555 114
472 3
591 192
591 348
506 337
34 63
483 326
597 304
550 383
551 372
466 326
395 300
375 284
463 310
586 340
561 314
591 308
586 160
597 184
560 41
592 181
533 362
503 332
545 372
571 372
586 351
533 339
565 386
591 343
571 366
514 136
434 311
256 257
539 353
241 272
597 288
356 247
509 81
586 8
443 23
586 131
586 178
555 387
571 105
94 34
565 369
545 43
560 117
420 316
477 326
555 351
566 357
510 311
478 316
362 247
561 348
398 285
555 131
566 90
434 40
581 360
591 117
461 2
565 375
592 313
560 360
332 3
443 326
506 327
466 316
504 301
524 310
244 267
252 272
412 279
457 311
383 279
13 4
561 88
566 67
524 66
435 63
571 64
347 20
556 375
566 108
597 323
555 363
545 362
565 363
377 279
446 311
367 258
288 232
500 316
493 245
501 296
576 351
591 319
386 49
596 38
581 354
555 368
586 305
586 316
576 345
509 332
517 337
356 257
550 366
591 331
520 332
375 263
272 258
256 247
376 253
481 301
591 187
596 276
381 18
576 357
524 55
49 72
581 348
529 63
534 351
581 134
597 317
480 321
460 316
581 152
390 279
550 354
545 334
459 259
517 302
528 319
586 276
597 242
591 325
571 355
581 140
591 199
581 343
571 349
596 293
420 305
516 312
120 18
406 300
359 252
555 357
384 269
506 316
512 316
489 316
281 253
560 355
566 335
581 105
405 8
581 23
576 167
550 360
586 334
581 337
576 334
561 320
428 310
581 158
571 337
571 314
545 328
440 300
390 269
389 290
456 264
576 155
576 149
498 87
581 331
596 259
418 37
581 187
597 271
581 163
524 90
597 230
581 325
464 18
586 207
576 316
431 259
575 293
364 263
446 300
406 290
28 90
519 116
581 5
287 44
586 196
576 184
581 146
381 85
581 319
524 327
534 333
571 326
534 328
539 330
387 264
403 295
596 213
576 299
545 114
392 264
519 307
581 193
342 52
586 322
597 8
509 46
555 31
576 137
555 345
523 316
581 123
555 328
379 258
440 311
378 269
570 296
571 180
387 274
463 300
409 285
566 317
550 348
591 296
576 126
586 311
571 332
560 337
485 3
545 351
586 299
381 274
586 288
586 293
495 306
452 300
437 306
429 300
484 296
514 206
372 258
555 334
592 302
534 344
566 323
540 341
592 285
539 336
550 336
597 236
581 308
561 331
566 329
591 274
504 312
435 300
395 290
439 254
438 274
401 269
442 269
524 43
591 291
545 345
571 320
586 265
581 199
581 302
576 311
386 39
576 120
359 262
432 295
586 102
460 305
529 307
373 248
438 285
432 274
441 290
461 265
513 19
378 2
23 75
298 3
586 282
571 187
591 268
586 271
581 291
591 210
576 305
375 274
472 305
403 285
455 295
545 311
444 264
534 311
421 274
163 282
550 325
426 305
591 111
570 158
576 196
576 271
576 178
565 160
576 132
383 290
535 322
457 300
545 322
560 290
523 299
421 285
477 306
395 269
508 209
447 269
591 216
550 331
591 227
576 202
571 192
566 311
596 224
460 295
581 285
501 306
466 305
380 284
455 305
419 269
418 279
407 280
505 291
294 244
216 244
211 243
560 273
571 302
560 134
571 308
592 262
540 324
561 105
571 198
540 319
576 276
489 306
483 306
508 286
545 305
401 280
459 280
489 296
209 264
225 249
503 256
570 152
566 103
571 147
581 204
492 311
555 288
386 284
561 308
555 299
420 295
507 296
550 308
545 316
436 269
446 280
555 283
469 290
213 259
243 240
202 259
555 253
564 293
556 323
556 236
555 247
560 151
474 311
492 301
449 306
510 301
518 296
435 280
447 290
429 279
469 280
308 228
478 285
180 272
389 222
340 235
586 259
544 288
586 230
487 301
423 300
415 295
480 311
576 282
423 290
412 291
427 275
539 302
415 284
455 285
482 280
404 264
239 256
524 276
405 233
285 238
586 253
570 268
581 250
581 227
592 233
498 34
555 277
581 262
449 296
432 285
443 285
499 291
467 285
455 275
540 279
465 249
251 247
421 264
236 250
222 254
315 3
540 181
560 303
570 285
576 230
469 300
586 236
475 300
560 268
427 285
440 280
511 281
452 290
493 291
451 264
253 252
178 267
208 248
464 270
519 268
517 291
565 282
571 279
560 297
571 274
524 137
555 305
565 276
560 279
481 290
502 286
467 275
496 276
461 275
493 270
457 244
503 239
193 252
535 247
545 236
545 276
550 291
560 284
545 299
495 296
550 285
534 299
467 295
449 285
484 286
508 276
534 287
465 259
514 240
493 281
174 282
453 269
255 231
328 235
290 212
545 247
539 296
560 244
550 296
512 296
475 290
534 293
463 290
555 259
449 274
468 254
545 172
524 270
439 264
457 254
219 249
529 261
556 143
498 254
220 239
509 169
534 304
545 271
520 157
524 293
487 291
529 111
550 268
539 284
524 288
534 282
476 280
497 236
228 255
550 256
484 265
503 234
184 257
245 236
375 226
539 70
499 281
502 276
478 296
566 242
529 290
556 219
560 262
550 250
545 264
473 275
497 225
479 255
550 210
535 195
518 220
539 233
231 250
257 236
263 237
490 286
472 285
505 281
496 286
259 18
410 29
529 284
459 270
470 270
529 273
471 260
484 275
513 276
303 228
239 245
508 238
524 218
289 222
519 122
529 116
565 32
555 264
519 145
519 163
231 8
556 137
476 270
513 270
534 264
415 274
524 113
445 254
469 244
331 230
482 250
498 242
346 236
426 218
407 259
207 259
556 230
251 3
254 19
487 280
550 215
479 275
482 270
519 285
479 265
540 273
488 248
493 251
486 255
451 254
524 258
323 235
252 225
560 52
283 222
419 259
19 3
565 79
550 204
514 43
344 78
387 29
467 265
529 279
534 270
545 242
550 239
488 270
513 223
529 220
503 245
524 224
525 235
519 243
251 236
228 234
556 190
534 276
506 271
473 265
524 282
545 259
540 268
550 221
545 137
476 260
529 267
530 238
314 229
513 259
503 266
399 254
317 234
280 227
311 224
514 246
524 96
39 95
560 163
375 8
550 233
545 253
28 71
555 195
529 35
535 241
514 264
513 229
503 251
525 246
291 238
545 224
550 140
591 29
197 237
255 220
529 255
555 224
13 92
390 23
555 155
539 262
491 265
499 271
519 261
446 18
509 243
283 233
540 239
514 235
503 228
492 239
463 244
396 249
263 226
535 113
242 19
550 198
300 19
3 81
497 265
487 260
507 260
524 264
534 258
495 260
535 229
524 252
524 229
492 228
508 215
214 238
348 240
555 19
372 221
196 258
550 128
550 227
539 256
57 28
518 279
540 227
535 235
540 221
545 230
535 252
501 261
534 207
519 180
260 231
529 204
474 255
237 240
519 232
535 96
565 73
555 172
545 219
540 244
545 201
556 166
539 11
519 255
529 232
508 266
530 250
519 249
540 216
529 227
540 210
514 195
535 189
327 220
243 230
272 232
411 232
492 14
560 82
556 184
550 116
535 218
492 8
534 224
514 252
268 3
534 212
529 209
509 255
530 244
550 146
535 37
411 8
360 231
367 248
571 59
304 65
493 84
540 198
513 13
33 74
545 195
561 175
470 8
561 181
556 178
359 242
498 220
581 52
518 215
540 175
529 93
508 203
234 234
540 187
415 218
273 211
239 2
477 28
377 44
545 149
545 189
24 2
466 40
524 200
498 248
524 240
448 249
336 240
550 163
68 58
529 134
566 55
534 102
315 218
200 232
320 229
123 13
540 204
272 69
28 54
509 249
550 175
545 184
550 181
550 187
535 201
540 116
445 244
286 227
269 227
503 217
530 151
530 163
304 218
357 226
337 219
487 23
312 8
545 131
545 166
535 119
530 175
545 155
556 102
524 206
550 151
334 235
560 29
513 31
581 41
295 222
292 228
519 203
247 215
250 209
203 227
248 19
545 37
540 111
550 134
404 39
508 34
586 38
535 184
390 259
534 108
586 14
49 48
529 140
524 155
540 99
343 220
343 230
237 229
300 223
419 249
359 74
586 44
342 19
576 49
264 54
410 18
23 92
461 31
535 178
550 123
545 143
545 178
591 11
525 177
524 119
534 131
332 220
401 248
232 229
352 225
33 8
560 70
387 18
540 47
550 17
540 140
530 157
503 223
520 198
3 109
540 157
545 90
576 55
550 87
355 220
575 38
203 237
393 254
249 220
339 209
581 29
524 148
347 120
544 3
556 91
378 23
550 99
535 166
540 146
519 209
18 83
454 249
550 93
503 205
346 225
352 215
335 214
571 47
277 222
355 231
524 212
221 56
443 13
525 189
503 211
555 61
529 128
586 26
398 8
540 87
545 119
8 54
545 102
530 122
323 224
337 230
311 197
416 244
413 249
263 215
372 2
28 95
534 143
514 200
571 52
540 134
513 212
530 169
535 125
503 37
534 26
328 225
425 249
391 248
340 225
309 218
403 228
423 223
400 233
455 218
64 103
597 26
540 163
525 183
545 108
550 157
535 154
540 152
540 93
365 242
545 125
535 79
399 243
363 237
371 242
317 224
295 212
348 230
466 218
457 80
550 81
277 8
540 128
535 148
540 169
256 3
310 45
39 54
74 7
442 239
402 23
540 122
325 230
519 169
394 243
380 227
385 238
396 238
273 201
321 198
472 182
3 98
550 105
535 137
545 84
561 58
545 96
372 23
202 29
545 73
272 49
529 23
368 236
349 220
299 207
482 227
383 222
466 229
412 104
341 214
499 156
498 196
2 74
566 61
575 26
520 186
539 105
357 236
555 8
236 8
436 239
257 226
420 228
258 215
471 239
471 228
414 238
260 221
376 195
477 202
488 151
477 248
545 79
8 25
351 236
442 249
379 248
493 210
404 254
492 233
372 232
292 217
428 233
452 223
304 207
298 217
293 206
244 219
250 199
299 197
493 159
487 236
356 79
431 249
504 176
514 189
434 244
382 243
402 238
369 226
448 239
388 244
325 193
313 203
238 219
212 222
262 210
339 199
550 70
328 188
514 154
498 208
503 194
453 239
498 214
422 244
335 225
434 234
411 243
363 226
405 244
380 237
431 228
482 176
462 210
397 217
321 208
178 210
267 211
183 220
480 239
492 222
471 249
504 200
428 244
482 233
487 224
425 239
391 238
451 233
460 229
476 224
499 145
440 223
301 212
472 210
264 205
167 210
369 8
446 185
498 139
555 72
440 244
509 185
493 216
463 234
376 242
407 249
457 234
419 239
444 228
366 221
272 222
315 208
493 182
412 212
344 199
288 185
276 206
332 208
459 239
514 125
465 240
438 228
519 75
470 233
493 204
423 233
392 227
420 218
457 201
435 212
451 211
266 221
483 193
440 212
335 177
504 143
190 211
268 179
462 159
498 191
509 174
482 216
455 228
476 243
440 233
471 222
417 233
412 223
476 219
342 193
307 213
472 199
461 187
466 184
350 199
482 182
331 182
356 162
509 191
493 43
476 230
408 238
476 236
488 145
471 216
488 207
449 228
400 222
423 213
417 223
409 217
452 205
509 123
477 184
215 217
362 200
418 213
166 220
493 193
482 164
504 183
488 201
426 228
460 218
464 224
503 188
395 222
386 228
535 55
406 223
488 167
318 203
269 216
209 217
347 215
267 200
359 194
336 183
397 71
483 205
458 223
498 179
514 148
477 208
504 165
462 199
408 228
462 204
457 207
524 108
370 195
441 188
367 23
358 215
327 198
357 178
218 212
202 201
519 87
498 185
503 125
467 201
444 219
467 212
447 223
438 217
467 190
429 223
329 214
307 202
330 203
507 5
384 201
411 186
336 193
420 182
239 208
403 181
514 119
483 199
467 207
472 187
540 64
519 81
472 204
504 131
509 157
446 213
360 221
482 188
403 217
275 216
361 3
7 8
373 200
388 196
279 201
196 211
509 110
524 102
488 196
545 67
514 142
509 99
504 160
504 154
477 191
488 190
514 102
514 72
462 193
336 204
347 194
305 197
282 196
284 211
222 207
192 216
504 113
560 5
498 128
535 43
519 105
555 55
487 173
550 40
467 196
591 17
524 73
395 212
498 162
356 200
287 206
349 173
379 200
316 187
272 174
266 184
535 61
539 17
493 187
509 140
432 218
498 173
449 217
488 29
524 84
524 79
535 49
514 96
349 210
381 206
347 204
368 179
370 205
384 211
382 185
322 187
509 52
504 171
498 167
488 179
472 193
550 11
509 117
509 87
514 90
503 20
199 3
324 203
331 193
396 201
192 206
355 210
207 212
424 203
483 141
297 181
534 14
504 148
509 151
493 171
493 176
519 93
519 111
420 3
378 221
456 190
591 5
361 210
367 200
287 196
399 207
364 205
405 186
411 197
451 159
367 163
416 8
540 58
544 8
503 137
504 95
8 43
504 107
407 202
316 197
400 212
367 210
372 211
348 183
186 226
381 216
383 175
433 173
303 181
236 203
263 189
472 119
415 208
491 3
366 13
504 119
514 84
446 191
493 165
451 199
352 205
402 201
344 209
382 196
314 192
422 197
462 176
256 199
283 185
371 158
388 159
467 57
432 208
503 43
472 176
451 193
477 167
342 204
467 178
364 216
359 205
378 211
305 186
396 191
391 191
439 193
414 191
430 177
427 172
404 171
231 192
228 2
347 84
406 212
387 217
410 207
375 216
376 205
404 207
405 196
472 164
302 192
300 186
353 194
216 207
253 194
195 222
293 196
358 168
279 190
295 176
483 159
429 213
461 181
390 212
402 13
467 167
456 184
390 201
387 206
356 189
281 217
385 191
436 204
493 131
189 221
415 146
472 153
364 168
271 185
172 173
509 75
477 156
494 95
441 207
472 170
446 207
421 208
427 207
426 193
456 172
419 203
296 191
328 177
393 196
417 187
429 188
285 191
242 193
447 138
198 206
488 140
473 107
519 28
499 110
440 199
374 49
488 80
339 188
462 164
467 173
445 179
408 191
435 178
377 175
435 156
389 175
248 193
360 173
352 168
351 152
413 202
456 178
494 107
482 147
431 203
446 202
472 159
399 196
494 101
504 67
462 153
345 178
343 183
334 187
451 170
388 185
291 191
380 169
341 157
188 185
524 25
482 153
467 161
445 196
451 181
389 34
504 78
570 11
489 98
420 192
290 201
351 189
400 176
457 156
361 163
402 191
261 200
191 200
200 185
351 178
488 92
493 119
545 26
493 125
545 32
477 150
530 52
488 128
428 198
416 197
345 188
446 161
446 167
247 204
415 171
457 144
379 164
177 184
228 176
304 160
49 60
529 46
483 78
219 8
499 81
494 113
394 186
308 192
368 189
423 187
354 184
457 150
399 29
372 174
311 187
323 177
419 156
173 200
165 184
184 164
477 144
488 116
467 156
488 134
456 167
440 183
452 175
441 170
435 198
483 130
451 164
391 181
436 167
452 141
259 194
362 189
237 182
330 156
183 184
347 131
451 77
352 84
499 75
519 34
472 147
436 189
433 184
457 161
529 29
488 122
414 181
374 179
435 161
371 184
277 185
441 153
388 148
350 162
308 144
144 188
488 75
483 107
483 118
441 176
477 139
493 78
575 8
379 190
431 193
252 204
376 184
462 136
462 141
441 140
268 189
236 192
254 183
337 172
222 197
499 57
467 144
498 46
519 45
478 92
488 104
483 136
446 173
385 180
456 139
478 121
317 177
276 196
308 181
395 175
343 172
424 177
315 171
393 160
212 165
283 175
378 13
472 141
484 101
483 95
519 69
380 180
397 181
472 130
431 157
446 149
416 161
363 179
382 159
473 95
274 180
319 156
353 157
338 162
189 174
187 195
472 60
524 60
467 150
493 31
462 147
408 181
478 110
457 121
386 170
457 127
425 157
409 172
493 55
271 195
359 158
300 176
260 184
202 191
263 179
248 183
518 22
467 139
472 136
478 133
467 132
440 164
452 152
392 170
440 159
462 112
452 135
462 124
314 182
446 132
421 172
447 127
411 151
428 126
333 162
198 169
504 55
422 8
467 127
8 118
488 69
375 169
446 155
451 123
340 178
467 110
360 183
483 84
291 181
436 115
383 148
396 155
410 161
346 141
153 193
185 190
462 130
473 124
478 116
446 144
468 115
457 132
467 121
483 90
355 173
420 146
472 54
413 166
402 155
422 115
344 162
286 180
308 155
192 169
180 179
200 175
452 83
519 51
473 112
473 84
408 13
504 72
493 66
351 68
462 118
366 173
441 129
325 146
373 164
431 111
442 107
356 152
405 150
285 154
186 180
305 150
468 92
555 25
498 63
473 72
478 81
452 118
478 98
473 101
467 104
417 151
306 176
335 167
424 141
273 190
385 154
228 197
291 155
176 194
216 196
168 178
402 3
426 182
418 177
576 3
493 49
390 165
436 150
457 115
483 66
265 195
457 103
435 125
392 155
341 167
240 187
228 187
422 126
446 51
203 180
295 165
414 3
431 167
508 28
432 147
406 176
401 166
446 121
478 87
457 109
441 118
413 156
347 157
441 101
321 161
351 142
467 63
214 181
355 136
224 166
266 90
452 112
483 60
452 129
468 98
477 46
457 92
447 109
436 131
384 164
462 95
376 159
415 125
303 170
308 171
312 166
219 191
278 164
334 141
238 56
336 120
428 152
441 135
478 75
488 63
425 167
428 162
426 146
404 29
320 171
463 100
452 100
418 130
394 149
292 170
251 189
412 130
332 136
219 156
239 161
218 166
498 40
380 28
447 115
422 162
477 51
462 89
472 67
442 112
436 142
426 110
462 66
396 165
418 141
409 145
299 149
292 160
282 159
255 173
186 169
193 158
487 40
478 69
488 57
342 63
324 82
425 131
332 172
423 151
428 116
430 141
462 71
362 152
457 97
211 186
301 165
289 165
364 121
247 156
174 179
354 100
565 8
457 86
452 106
468 75
477 57
524 20
434 136
436 120
427 136
431 131
452 94
399 160
246 188
452 88
451 54
273 153
408 109
215 160
206 175
287 122
466 52
302 108
367 3
473 78
488 51
468 80
463 83
565 14
457 63
457 69
372 148
328 151
408 156
225 192
333 151
203 143
314 145
241 166
219 145
96 291
462 60
384 2
482 37
455 13
437 109
476 23
431 121
461 48
456 51
380 153
403 145
323 167
316 160
389 128
348 147
220 171
191 179
180 168
361 126
148 183
429 43
383 54
416 18
456 45
436 103
462 77
493 37
441 94
431 100
413 119
407 140
327 162
318 166
395 139
311 150
194 185
380 107
201 164
244 151
163 168
435 18
451 48
446 97
555 13
430 105
456 56
503 31
407 166
288 176
380 143
331 146
278 175
366 137
355 126
223 187
225 182
217 176
177 173
171 184
211 139
425 99
441 83
447 92
364 158
472 48
457 75
455 39
425 121
436 97
288 159
392 133
324 156
394 112
363 142
373 116
243 172
280 133
143 182
391 117
410 88
452 66
450 42
404 18
441 88
441 77
412 34
424 105
297 170
257 189
354 147
378 127
379 117
270 158
393 123
215 171
370 121
250 162
135 192
207 154
207 165
446 74
359 21
419 54
446 86
431 89
436 91
374 153
466 34
335 157
377 148
391 144
381 133
297 144
191 190
203 169
350 126
254 147
197 143
210 160
81 311
362 116
420 109
446 68
477 40
451 72
421 136
417 114
387 133
389 139
366 148
377 138
357 142
400 65
375 132
208 180
190 153
250 152
166 173
269 132
98 261
415 135
410 124
407 129
403 134
419 120
375 143
369 142
409 135
397 144
415 93
446 63
213 192
396 118
386 96
386 107
196 153
227 103
154 183
218 118
124 232
461 37
446 57
426 93
436 80
404 124
408 119
466 28
368 38
402 119
343 147
409 99
381 122
284 164
392 96
221 161
256 152
242 146
169 168
212 118
116 227
374 59
420 91
451 60
413 13
441 71
440 54
508 11
345 152
349 136
430 54
384 128
235 177
302 155
418 48
248 146
212 176
233 151
263 142
175 168
286 76
425 87
498 23
383 138
597 3
571 4
466 46
430 60
339 151
401 139
441 65
216 187
425 57
385 117
238 171
241 156
172 153
259 157
220 182
104 262
126 207
420 72
486 11
436 68
398 123
440 60
518 11
440 48
415 108
395 128
399 87
377 111
415 99
266 173
380 70
275 132
181 158
351 105
173 163
159 157
157 167
408 23
470 19
477 34
431 84
419 104
420 96
436 74
296 155
416 88
404 60
316 150
402 82
403 71
303 133
271 137
294 138
199 159
286 133
184 153
130 192
408 3
395 44
435 51
425 81
458 18
360 147
367 127
406 103
411 114
336 146
404 50
395 102
243 183
288 138
260 136
320 135
229 166
187 101
118 216
170 158
435 45
445 46
524 3
424 46
471 25
54 116
407 93
383 112
397 108
481 7
406 66
252 167
232 161
371 111
368 106
179 153
234 140
149 162
260 90
159 146
372 127
429 48
435 57
430 78
423 40
467 3
399 76
400 103
376 122
412 67
223 176
232 172
271 148
294 149
288 149
259 147
164 147
199 102
273 116
339 57
2 28
425 75
420 84
369 132
322 151
408 82
360 137
401 92
404 87
389 102
383 101
326 135
390 91
338 136
328 114
310 124
160 173
192 122
272 80
193 148
405 114
430 72
419 78
391 107
364 132
387 123
415 82
413 56
235 166
388 75
269 169
252 178
255 162
239 151
190 164
205 128
292 133
118 201
66 336
88 301
377 64
390 3
414 72
388 112
398 97
405 77
464 8
395 55
408 72
356 116
264 168
384 91
240 177
7 14
141 193
179 142
215 113
214 134
181 148
250 125
123 33
3 132
403 108
413 46
415 61
398 60
409 61
395 65
249 172
385 80
352 121
261 163
318 129
359 110
245 94
199 148
221 124
165 126
255 126
86 296
407 55
437 24
449 13
452 7
457 8
433 34
311 139
246 177
335 131
268 152
268 142
244 161
208 133
321 124
302 119
330 62
176 148
208 143
122 212
72 316
374 106
393 86
420 23
260 173
396 92
317 140
279 154
456 33
455 23
266 137
298 133
339 115
224 156
349 89
232 125
209 123
191 133
161 162
161 151
118 232
421 28
437 13
359 121
320 145
340 141
391 70
368 116
460 25
247 167
309 134
280 143
377 54
341 120
179 163
256 115
232 135
253 110
230 109
153 146
235 61
466 23
498 17
472 13
394 75
391 81
387 86
492 20
385 70
312 129
285 144
353 110
222 150
230 156
205 149
247 120
260 79
225 108
186 132
164 157
75 321
496 4
392 59
389 65
380 96
423 35
407 44
283 148
258 167
262 152
344 126
331 109
214 144
227 150
243 135
263 85
289 128
238 125
182 137
104 252
128 187
344 136
452 18
523 14
398 49
323 140
364 111
264 158
265 147
274 143
348 100
283 138
204 159
283 128
320 98
216 149
184 143
167 163
155 162
82 301
76 311
305 139
341 131
431 23
291 144
267 163
300 139
307 128
335 93
347 110
366 100
272 127
369 96
246 130
276 122
361 90
257 142
129 202
181 111
131 182
80 296
382 75
407 34
332 125
277 148
329 130
315 134
323 130
412 40
342 110
343 99
231 145
187 158
313 118
248 136
176 158
211 149
152 167
92 287
151 120
200 60
544 14
362 105
376 96
328 140
309 2
356 105
300 128
380 49
277 138
338 78
245 141
304 124
311 113
258 131
187 148
153 157
146 177
177 127
102 246
151 141
460 13
376 85
449 31
345 105
454 28
330 119
324 120
360 100
325 109
225 145
244 125
316 103
233 114
229 130
300 91
287 85
112 216
68 331
190 39
155 18
207 18
399 39
482 20
327 125
333 115
351 116
433 28
334 104
295 128
277 128
337 99
3 23
227 114
222 140
215 123
156 152
7 135
105 241
86 286
63 331
364 18
43 69
401 44
344 115
372 101
319 119
379 80
315 124
239 140
322 103
240 130
213 155
224 119
217 129
207 108
196 133
183 127
78 316
97 236
244 46
368 59
332 88
56 75
393 39
44 46
328 104
364 95
263 131
325 98
340 93
237 136
216 139
65 2
211 128
224 98
108 221
138 161
177 116
99 251
85 18
336 109
340 104
373 90
307 118
376 75
329 94
316 113
323 93
259 100
251 141
220 134
241 120
236 109
276 101
157 317
200 138
136 182
112 232
95 256
160 126
286 13
364 85
374 69
322 114
367 90
335 83
314 108
267 126
254 136
252 131
120 8
250 46
322 24
171 137
170 147
304 75
114 237
107 215
83 291
101 215
389 44
34 51
358 95
352 95
355 89
343 89
298 123
261 126
259 121
254 100
265 100
307 71
167 152
210 113
176 137
127 197
144 151
108 236
157 120
84 255
348 31
317 93
329 83
321 87
327 88
262 116
281 122
264 121
273 106
279 106
245 115
242 99
239 104
203 123
134 176
141 146
170 90
99 241
88 291
70 311
263 105
356 26
314 97
292 123
296 118
253 120
290 117
315 87
235 130
327 67
241 110
263 74
232 56
207 118
167 142
122 186
132 171
137 171
89 255
2 139
268 116
321 77
320 3
308 97
287 112
312 92
291 107
254 89
309 76
290 80
248 100
173 143
194 138
180 132
143 172
124 192
144 161
128 176
79 306
210 34
299 102
282 111
299 113
270 121
305 103
362 26
276 111
301 39
301 81
284 80
257 95
315 76
201 97
116 211
120 207
190 96
159 136
112 200
86 260
52 382
332 78
384 23
271 100
265 110
291 96
268 105
295 80
239 115
223 129
280 96
374 38
354 53
197 123
150 151
140 177
111 211
96 245
93 250
107 231
69 321
271 111
327 78
308 108
383 33
259 110
227 124
274 95
271 90
251 105
280 75
190 143
183 116
181 101
342 41
147 156
103 220
97 219
88 266
77 301
8 400
293 101
279 117
285 96
288 101
285 106
226 135
309 87
251 115
251 14
298 86
245 83
236 98
192 112
184 96
162 141
191 86
141 166
83 265
73 306
82 275
293 112
296 107
356 58
312 82
3 120
234 3
235 119
306 92
289 91
313 50
228 83
174 132
196 96
165 136
153 136
119 191
143 125
84 280
108 206
108 180
341 73
342 31
359 64
13 86
293 75
230 119
8 112
374 28
301 70
186 122
194 128
210 92
193 101
220 77
168 131
114 206
92 261
88 276
115 196
95 230
295 8
343 3
282 101
281 85
283 90
266 80
341 8
319 60
350 58
195 117
180 121
210 102
269 43
187 112
175 101
127 150
95 215
110 226
112 190
67 315
353 63
304 44
245 105
248 110
251 95
365 33
324 72
258 74
368 48
203 133
200 128
336 40
249 78
156 141
120 196
103 195
87 250
98 210
101 61
114 180
392 29
295 91
277 90
269 95
348 53
269 85
313 61
188 138
357 8
331 30
221 113
219 108
226 77
148 136
107 190
163 121
254 30
105 200
81 285
63 320
313 29
297 97
263 95
336 73
292 86
333 67
381 8
299 75
278 70
362 38
330 51
256 46
225 88
204 102
126 171
287 55
116 186
119 181
129 13
52 331
307 82
304 87
319 71
275 85
316 66
344 57
315 13
231 98
368 28
257 84
204 92
237 77
250 67
184 106
144 141
172 95
117 176
153 90
93 240
79 244
380 38
347 63
362 58
330 72
278 80
280 13
269 74
292 65
353 20
222 103
189 117
256 56
244 67
231 77
155 105
178 96
123 165
90 245
109 169
138 74
318 82
339 68
33 92
371 33
336 62
233 104
248 89
319 50
304 55
196 107
238 67
219 87
208 87
171 126
109 196
90 281
129 166
123 176
166 49
18 406
360 53
363 48
322 66
349 3
312 19
316 24
260 69
284 70
201 118
345 36
328 45
267 49
163 131
174 121
202 86
136 145
121 160
156 95
81 259
51 341
277 18
357 48
301 8
335 8
301 60
275 75
298 65
204 113
312 71
234 83
222 93
211 82
181 91
132 161
145 130
149 105
135 166
160 116
140 130
119 71
211 3
359 43
299 44
289 70
310 66
321 55
307 60
351 48
337 3
201 107
216 92
190 106
199 92
187 91
139 151
135 156
172 49
127 160
112 144
137 125
355 15
392 8
373 13
295 70
345 47
333 57
329 8
213 108
213 87
207 97
267 59
259 51
193 91
265 40
155 115
110 185
174 65
125 181
178 39
8 147
347 8
18 49
369 18
316 55
327 56
360 32
296 60
231 88
323 8
223 71
235 72
141 156
147 146
163 111
157 110
134 130
142 135
198 55
65 94
48 335
339 47
222 3
310 55
303 3
327 14
287 65
243 89
275 64
254 79
229 72
273 59
175 111
185 86
196 86
145 120
133 150
172 106
152 110
57 341
80 40
339 25
324 19
363 8
338 14
334 24
199 112
299 55
243 78
262 46
253 51
304 34
169 101
227 56
151 131
161 95
159 90
206 71
91 41
95 189
33 403
375 18
321 14
349 15
336 51
251 84
219 98
228 93
246 72
222 82
217 71
298 34
244 56
208 76
192 65
149 115
177 60
167 85
143 49
83 23
74 295
348 42
354 32
351 26
324 50
257 63
216 103
319 39
240 61
232 66
275 44
172 116
259 40
200 81
169 111
236 50
192 55
148 125
150 95
86 271
60 140
316 45
345 26
339 36
263 64
319 29
213 97
316 34
278 49
292 13
205 81
220 66
247 40
169 121
156 131
203 66
166 115
164 80
152 100
103 236
65 300
307 50
23 86
322 45
255 69
261 59
3 92
265 8
252 73
23 57
253 40
215 66
247 51
211 71
188 60
188 81
170 80
168 75
117 154
34 39
64 310
332 13
290 60
234 93
336 30
328 24
246 62
295 39
301 29
227 66
307 29
278 28
173 85
183 80
175 90
195 60
161 105
198 45
133 109
112 175
60 325
39 48
313 39
325 29
236 88
211 13
252 61
269 64
289 39
284 39
227 45
251 35
223 61
219 50
166 106
180 54
132 28
117 165
131 145
92 235
113 123
331 40
292 55
328 34
296 49
275 54
289 28
301 49
298 13
13 115
271 29
209 66
167 95
197 76
180 75
156 85
168 55
139 140
101 231
112 164
54 335
274 13
322 34
325 40
284 60
281 43
286 3
284 49
239 14
256 35
214 77
189 70
179 85
194 81
158 100
162 65
172 60
115 159
100 200
68 305
2 237
271 18
141 3
293 44
290 49
318 19
213 8
236 19
295 29
242 40
200 71
192 75
195 71
197 65
161 85
129 155
120 170
84 244
99 225
75 285
104 159
304 13
270 54
281 54
304 24
310 24
281 23
268 13
55 52
210 44
229 61
186 75
204 55
192 44
162 75
121 150
104 226
104 210
93 224
115 128
55 325
289 18
234 13
307 18
310 34
299 23
268 23
239 45
228 24
207 39
215 55
206 61
164 90
159 80
170 23
140 110
133 140
96 204
71 300
57 320
79 280
295 18
263 13
274 23
281 33
293 24
272 38
268 34
216 13
196 8
219 28
209 55
173 18
146 110
179 28
146 100
92 209
91 219
128 130
71 290
58 310
271 8
33 86
3 11
208 8
205 13
225 18
212 61
183 60
183 70
164 100
195 39
204 45
171 70
186 55
143 115
136 135
60 124
77 290
80 270
49 357
274 3
225 8
284 28
248 8
275 33
245 35
232 45
184 28
216 34
207 50
158 3
196 29
180 65
168 65
159 70
172 38
104 185
111 132
73 243
23 409
18 60
18 95
230 50
260 29
263 23
215 45
224 40
199 34
204 34
213 28
189 50
176 80
156 64
153 80
150 85
123 155
104 152
107 143
88 199
62 305
265 18
257 13
262 35
257 24
242 29
228 34
54 2
83 3
207 29
186 65
174 75
174 54
160 60
166 60
131 135
121 129
152 44
116 139
76 274
34 127
265 29
236 29
251 25
230 40
224 51
236 40
240 35
88 3
164 3
177 70
187 44
175 33
167 39
102 205
144 85
103 169
88 240
72 253
69 284
2 267
283 18
13 10
39 42
248 30
231 29
245 25
221 45
179 8
190 18
193 13
49 95
140 120
156 75
128 139
65 47
101 190
97 194
78 254
62 242
71 238
105 2
254 8
240 24
213 40
234 24
27 8
225 29
31 3
184 8
180 44
137 105
165 70
147 80
141 79
110 153
124 68
105 164
103 67
49 136
49 325
77 2
242 8
48 3
219 39
181 3
42 13
199 13
199 24
201 50
169 44
155 28
141 90
150 75
115 170
125 145
105 137
89 229
125 114
87 183
49 346
216 3
245 14
202 8
204 24
222 34
219 18
181 34
190 29
193 34
114 7
155 39
154 59
147 69
141 69
109 159
122 140
99 155
89 214
63 295
68 243
234 35
135 3
213 18
216 23
13 110
149 7
188 13
196 18
178 49
138 18
152 23
157 54
134 120
118 145
111 138
96 45
85 219
76 248
91 64
61 315
38 89
7 20
3 4
222 13
175 3
143 8
182 23
187 34
158 13
147 90
144 64
151 64
139 84
119 124
117 102
106 174
81 249
101 142
70 248
46 362
210 23
39 8
152 2
8 3
147 3
2 34
184 49
158 33
179 18
164 23
157 44
148 59
143 105
131 125
110 100
87 224
84 203
57 231
36 388
13 403
39 60
60 3
2 63
56 8
167 8
161 8
158 23
135 23
163 44
117 13
129 33
154 49
133 64
114 149
124 135
87 209
91 194
80 233
72 228
28 412
18 8
71 3
8 107
173 8
193 24
155 8
147 23
184 18
146 13
147 33
144 74
137 49
140 100
46 28
117 134
76 238
104 72
68 295
96 86
2 392
23 17
13 28
137 7
164 13
183 39
173 28
167 28
132 18
149 39
146 44
151 54
144 95
136 114
140 54
108 148
94 199
103 179
92 184
46 330
8 395
51 7
8 67
190 7
187 23
108 8
176 13
85 8
160 39
126 38
153 69
135 69
135 89
130 104
128 119
103 147
81 208
98 149
81 223
2 380
2 332
12 17
123 3
48 13
117 2
167 18
13 104
100 3
152 33
163 54
160 49
129 69
131 115
117 114
108 89
108 122
95 173
71 90
77 264
60 300
13 397
28 77
129 3
152 13
176 23
140 13
161 18
135 33
143 28
88 13
140 44
132 74
122 60
125 125
65 68
100 130
82 239
100 136
91 178
66 289
3 386
8 89
8 95
13 23
182 13
170 13
71 13
116 23
138 28
111 13
139 64
120 119
123 88
115 96
112 117
84 229
100 163
71 69
13 144
2 285
3 320
8 100
91 8
3 40
132 8
149 18
24 28
148 49
123 23
111 23
138 95
116 108
124 104
92 49
104 99
86 234
90 204
98 71
59 237
74 269
56 304
63 8
3 51
68 8
126 8
36 23
129 23
76 13
143 59
145 54
127 63
131 95
121 109
128 109
128 99
109 127
105 132
71 122
95 159
81 182
46 341
59 13
51 18
33 18
161 28
18 31
108 18
141 23
137 59
114 28
125 73
129 89
122 99
109 74
103 126
97 125
93 164
92 148
82 198
47 220
52 310
45 18
135 13
73 18
141 33
79 18
114 18
100 23
23 46
134 54
135 79
125 94
113 91
109 95
98 184
91 117
94 133
78 228
89 189
40 319
43 346
79 8
30 13
13 40
149 28
18 37
143 38
126 28
132 38
115 54
120 49
118 65
111 79
104 94
101 115
75 65
85 63
68 232
60 289
72 264
7 388
7 37
36 13
48 23
36 2
77 23
100 13
117 33
131 59
134 100
128 79
127 84
119 92
111 106
92 128
96 179
2 191
3 231
73 280
46 319
43 357
7 78
126 18
13 34
105 13
97 18
120 28
131 49
126 49
133 84
115 75
89 59
112 85
107 116
94 154
96 144
84 156
74 233
69 207
55 315
40 393
33 80
71 24
97 8
42 24
29 37
137 38
74 29
124 44
109 52
116 81
84 57
114 70
99 98
95 139
97 168
2 225
44 189
67 279
52 320
40 340
18 101
53 13
13 75
103 18
62 18
59 23
129 43
103 39
122 83
83 35
107 63
91 85
100 174
91 112
87 147
83 131
90 137
77 212
54 299
43 335
7 61
8 84
39 18
91 18
94 23
97 29
127 55
94 55
116 60
112 64
103 88
95 80
96 113
87 127
3 144
2 214
83 213
64 247
3 279
7 323
94 13
34 29
56 18
60 35
135 44
118 44
121 55
88 53
88 36
108 68
112 112
86 116
92 123
87 121
2 150
8 199
83 187
8 276
75 259
44 367
13 57
82 13
23 40
120 38
106 23
102 28
55 40
114 48
107 47
111 59
89 100
92 91
74 101
91 143
88 132
81 125
85 193
70 222
2 290
31 397
13 52
18 66
62 30
112 34
115 39
51 29
102 45
106 57
106 105
105 78
103 120
95 102
68 160
2 162
28 200
74 217
68 216
57 294
44 325
13 386
13 63
50 37
29 43
50 43
28 83
108 28
87 47
121 77
107 84
101 82
97 119
44 150
81 146
84 136
75 223
66 227
72 212
71 274
47 309
38 345
34 35
39 31
45 34
34 45
88 24
44 40
85 41
83 51
97 66
82 93
64 62
106 111
78 135
89 173
80 192
79 203
67 253
44 277
61 252
34 340
34 57
53 23
91 29
112 43
100 34
85 29
100 56
79 61
78 97
98 92
100 104
76 165
85 142
88 152
85 178
55 263
2 249
51 304
2 362
34 392
28 66
40 36
55 46
106 34
69 42
103 51
78 56
96 60
83 99
95 108
80 140
55 184
79 161
3 173
65 196
80 218
65 237
49 315
44 314
37 335
80 28
68 29
108 39
77 34
97 39
76 44
80 67
90 79
70 64
94 96
56 132
83 172
18 176
3 220
54 236
56 278
68 269
44 240
40 330
29 392
55 34
71 34
60 50
98 50
81 46
74 59
93 69
100 76
94 75
70 143
77 150
49 170
78 187
3 208
75 207
69 259
64 258
55 289
3 375
23 403
66 35
75 39
49 54
64 40
59 66
85 83
87 68
88 73
81 87
100 109
77 171
80 176
73 202
76 197
56 241
61 279
58 258
44 288
2 355
39 351
44 52
54 64
67 52
66 73
54 70
88 95
70 116
90 106
80 114
90 158
76 181
72 186
67 201
64 222
63 232
60 226
55 252
48 299
41 308
38 367
44 80
71 48
77 50
33 138
82 72
75 86
68 100
84 104
74 139
48 158
82 151
74 191
48 194
13 214
50 241
65 274
60 263
34 302
38 323
13 392
44 63
39 72
67 79
74 80
87 89
76 71
76 144
85 110
70 180
88 167
3 167
68 191
58 205
53 220
51 231
52 267
64 284
52 294
2 338
7 383
72 53
71 75
60 72
78 76
84 77
76 118
80 108
81 119
68 175
74 176
64 180
59 221
56 216
55 226
66 263
53 273
58 284
46 293
35 329
40 362
62 55
60 87
63 83
69 105
76 91
76 124
71 127
85 162
81 167
48 176
66 185
66 211
63 216
39 224
63 269
49 288
45 304
34 318
18 395
23 392
49 66
69 84
79 82
64 115
75 112
66 126
77 129
64 143
72 170
62 174
71 196
64 206
53 246
40 230
39 250
48 272
41 293
38 313
7 346
38 355
38 83
60 93
65 88
72 96
59 118
72 133
44 133
78 155
74 160
54 178
61 200
60 211
55 210
52 257
47 246
59 273
50 278
44 298
33 351
46 383
61 77
56 80
75 107
69 111
79 103
68 138
66 169
60 147
71 149
7 182
56 200
39 182
41 219
50 251
57 268
52 283
27 359
3 327
35 362
41 372
51 77
44 128
49 113
54 121
63 135
54 138
55 144
64 164
60 185
59 195
50 199
51 215
48 235
46 230
44 251
47 283
27 347
32 324
29 335
44 377
49 83
54 86
49 124
61 129
67 132
66 148
3 156
70 164
56 189
63 190
49 210
49 225
29 188
43 235
2 261
33 277
35 292
38 298
30 387
19 400
54 98
64 109
59 112
55 127
65 120
49 142
38 164
60 179
49 182
52 205
45 203
45 215
8 223
49 262
2 273
39 288
35 308
28 317
32 346
28 382
54 92
49 119
54 110
50 130
44 139
55 150
61 152
60 169
54 172
50 188
34 191
44 224
8 228
46 267
39 277
23 279
3 296
7 329
38 377
24 397
49 89
44 92
49 101
44 122
33 144
59 163
67 154
7 159
53 195
39 194
2 179
39 214
42 245
3 243
18 276
28 301
39 304
28 323
34 382
18 389
39 100
44 104
39 107
39 118
49 147
56 155
18 153
49 164
44 184
44 198
8 211
38 235
39 240
42 272
41 282
23 303
32 313
23 356
2 349
40 383
43 86
44 110
39 112
72 155
44 156
62 158
54 167
44 167
38 176
28 194
43 209
28 229
47 256
44 261
32 297
29 306
7 294
3 344
32 377
2 369
18 107
44 116
33 109
44 144
49 153
54 160
33 167
44 179
39 187
28 183
39 205
29 235
27 252
2 255
39 266
33 287
23 327
27 312
12 362
18 383
49 107
23 133
39 123
38 147
38 152
44 162
44 173
38 170
33 184
33 225
33 231
35 245
8 246
28 270
36 282
28 293
23 308
22 362
27 376
24 386
34 98
34 104
28 112
39 129
33 150
38 159
28 164
18 194
3 196
33 208
36 220
33 239
23 248
42 255
36 272
18 306
2 308
32 357
35 372
12 380
29 101
28 107
34 121
38 141
28 141
33 155
23 179
3 185
3 202
34 214
28 241
23 243
39 260
30 282
28 276
23 297
17 318
8 318
32 367
7 372
23 110
23 115
34 115
39 136
33 161
23 167
13 185
33 203
28 205
28 217
28 258
23 255
7 258
23 273
28 287
23 315
23 320
18 347
7 359
7 377
18 112
7 130
29 124
23 144
23 150
28 153
18 188
34 196
28 211
28 223
18 228
36 255
28 264
7 270
7 282
7 300
29 341
8 340
27 364
23 380
18 118
18 135
23 127
28 147
8 170
33 179
18 182
13 191
13 208
23 231
33 250
33 266
18 264
23 267
23 284
18 312
29 329
18 330
13 343
18 378
13 121
28 130
34 132
23 156
28 159
33 173
23 202
7 205
23 220
18 240
8 234
33 260
18 288
23 291
2 303
18 324
23 332
7 352
23 367
22 373
24 121
28 136
7 153
23 162
23 173
24 185
23 196
39 199
18 217
28 247
7 240
23 261
13 261
18 282
18 300
13 314
23 344
28 353
17 365
28 371
18 130
23 139
18 147
13 168
28 176
24 191
13 179
18 205
7 217
23 225
13 237
18 258
7 264
18 294
13 308
12 321
24 338
22 350
17 353
12 375
13 132
18 141
18 159
18 165
28 170
13 173
13 196
23 214
18 223
23 237
13 249
7 252
18 270
7 288
13 303
2 314
18 335
13 338
17 359
7 366
7 124
13 138
13 150
13 162
18 170
8 194
18 199
23 208
13 225
18 234
18 246
18 252
13 267
13 279
13 291
7 305
7 335
18 340
12 356
16 371
13 127
8 141
13 156
8 164
7 176
7 188
13 202
18 211
13 220
13 231
13 243
12 255
13 273
13 285
13 297
7 311
13 327
12 332
13 349
12 368
